0.0,0.0,0.0,0.0,1.0,0.0,0.0,0.0,0.0,0.0,0.0,0.0,0.6667,0.0,0.0,0.0,0.0,0.0,0.0,0.0,0.0,GO0003709@GO0000127@GO0005739@GO0006384
0.0,0.0,0.5,0.0,0.0,0.0,0.0,0.0,0.0,0.0,0.0,0.0,0.3333,0.0,0.0,0.0,0.0,0.0,0.0,0.0,0.0,GO0003924@GO0003743@GO0005843@GO0005739@GO0006413
0.0,0.0,0.0,0.0,0.0,0.0,0.0,0.0,0.0,0.0,0.0,0.0,0.0,0.0,0.0,0.0,0.0,0.0,0.0,0.0,0.0,GO0003987@GO0005739@GO0005829@GO0019654@GO0016573@GO0006085
0.0,0.0,1.0,0.0,1.0,0.0,0.0,0.0,0.0,0.0,0.0,0.0,0.6667,0.0,0.0,0.0,0.0,0.0,0.0,0.0,0.0,GO0005498@GO0008142@GO0005545@GO0005635@GO0005769@GO0005783@GO0000138@GO0030469@GO0006897@GO0015918@GO0006887
0.0,0.0,1.0,0.0,1.0,0.0,0.0,0.0,0.0,0.0,0.0,0.0,0.6667,0.0,0.0,0.0,0.0,0.0,0.0,0.0,0.0,GO0004366@GO0005783@GO0008654
0.0,0.0,0.0,0.0,0.0,0.0,0.0,0.0,0.0,0.0,0.0,0.0,0.0,0.0,0.0,0.0,0.0,0.0,0.0,0.0,0.0,GO0003986@GO0005739@GO0005829@GO0006083@GO0006084
0.0,0.0,0.0,0.0,0.0,0.0,0.0,0.0,0.0,0.0,0.0,0.0,0.0,0.0,0.0,0.0,0.0,0.0,0.0,0.0,0.0,GO0004749@GO0005737@GO0000162@GO0000105@GO0006189@GO0006207@GO0006166@GO0042254
0.0,0.0,0.5,0.0,0.0,0.0,0.0,0.0,0.0,0.0,0.0,0.0,0.3333,0.0,0.0,0.0,0.0,0.0,0.0,0.0,0.0,GO0003674@GO0019898@GO0006612
0.0,0.0,1.0,0.0,0.0,0.0,0.0,0.0,0.0,0.0,0.0,0.0,0.0,0.0,0.0,0.0,0.0,0.0,0.0,0.0,0.0,GO0003674@GO0005739@GO0009060@GO0006412@GO0007005
0.0,0.0,0.5,0.0,0.0,0.0,0.0,0.0,0.0,0.0,0.0,0.0,0.3333,0.0,0.0,0.0,0.0,0.0,0.0,0.0,0.0,GO0003735@GO0005842@GO0006412
0.0,0.0,0.5,0.0,0.5,0.0,0.0,0.0,0.0,0.0,0.0,0.0,0.3333,0.0,0.0,0.0,0.0,0.0,0.0,0.0,0.0,GO0008415@GO0005811@GO0008654
0.0,0.0,0.0,0.0,0.0,0.0,0.0,0.0,0.0,0.0,0.0,0.0,0.6667,0.0,0.0,0.0,0.0,0.0,0.0,0.0,0.0,GO0003674@GO0005634@GO0000398@GO0007047
0.0,0.0,0.0,0.0,0.0,0.0,0.0,0.0,0.0,0.0,0.0,0.0,0.6667,0.0,0.0,0.0,0.0,0.0,0.0,0.0,0.0,GO0003735@GO0005842@GO0006412
0.0,0.0,0.5,0.0,0.5,0.0,0.0,0.0,0.0,0.0,0.0,0.0,0.3333,0.0,0.0,0.0,0.0,0.0,0.0,0.0,0.0,GO0003709@GO0000127@GO0006384
0.0,0.0,0.5,0.0,0.5,0.0,0.0,0.0,0.0,0.0,0.0,0.0,0.3333,0.0,0.0,0.0,0.0,0.0,0.0,0.0,0.0,GO0003674@GO0005624@GO0006914
0.0,0.0,0.0,0.0,0.0,0.0,0.0,0.0,0.0,0.0,0.0,0.0,0.0,0.0,0.0,0.0,0.0,0.0,0.0,0.0,0.0,GO0000774@GO0005737@GO0042026
0.0,0.0,1.0,0.0,0.0,0.0,0.0,0.0,0.0,0.0,0.0,0.0,0.6667,0.0,0.0,0.0,0.0,0.0,0.0,0.0,0.0,GO0003674@GO0005737@GO0007010
0.0,0.0,0.0,0.0,0.0,0.0,0.0,0.0,0.0,0.0,0.0,0.0,0.0,0.0,0.0,0.0,0.0,0.0,0.0,0.0,0.0,GO0017040@GO0005783@GO0006672
0.0,0.0,0.5,0.0,0.5,0.0,0.0,0.0,0.0,0.0,0.0,0.0,0.3333,0.0,0.0,0.0,0.0,0.0,0.0,0.0,0.0,GO0003674@GO0005730@GO0040020
0.0,0.0,0.0,0.0,0.0,0.0,0.0,0.0,0.0,0.0,0.0,0.0,0.0,0.0,0.0,0.0,0.0,0.0,0.0,0.0,0.0,GO0008330@GO0005575@GO0006470@GO0007090
0.0,0.0,0.5,0.0,0.5,0.0,0.0,0.0,0.0,0.0,0.0,0.0,0.3333,0.0,0.0,0.0,0.0,0.0,0.0,0.0,0.0,GO0008444@GO0005739@GO0008654
0.0,0.0,0.5,0.0,0.5,0.0,0.0,1.0,0.0,0.0,0.0,0.0,0.3333,0.0,0.0,0.0,0.0,0.0,0.0,1.0,0.0,GO0003674@GO0005663@GO0007064@GO0000723@GO0006974
0.0,0.0,0.0,0.0,0.0,0.0,0.0,0.0,0.0,0.0,0.0,0.0,0.0,1.0,0.0,0.0,0.0,0.0,0.0,0.0,0.0,GO0030508@GO0004602@GO0004364@GO0005634@GO0005737@GO0006979@GO0030503
0.0,0.0,0.0,0.0,0.0,0.0,0.0,0.0,0.0,0.0,0.0,0.0,0.0,0.0,0.0,0.0,0.0,0.0,0.0,1.0,0.0,GO0009055@GO0005739@GO0005737@GO0008150
0.0,0.0,1.0,0.0,0.0,0.0,0.0,0.0,0.0,0.0,0.0,0.0,0.6667,0.0,0.0,0.0,0.0,0.0,0.0,0.0,0.0,GO0004672@GO0005575@GO0030003@GO0000082
0.0,0.0,0.0,0.0,0.0,0.0,0.0,0.0,0.0,0.0,0.0,0.0,0.0,0.0,0.0,0.0,0.0,0.0,0.0,0.0,0.0,GO0004618@GO0005739@GO0005737@GO0006096@GO0006094
0.0,0.0,0.0,0.0,1.0,0.0,0.0,0.0,0.0,0.0,0.0,0.0,0.0,0.0,0.0,0.0,0.0,0.0,0.0,0.0,0.0,GO0008094@GO0016586@GO0043044@GO0006368
0.0,0.0,0.0,0.0,0.0,0.0,0.0,0.0,0.0,0.0,0.0,0.0,0.0,0.0,0.0,0.0,0.0,0.0,0.0,0.0,0.0,GO0016455@GO0005667@GO0000723@GO0000122
0.0,0.0,0.0,0.0,0.0,0.0,0.0,0.0,0.0,0.0,0.0,0.0,0.6667,0.0,0.0,0.0,0.0,0.0,0.0,0.0,0.0,GO0046933@GO0005756@GO0005739@GO0015986
0.0,0.0,0.5,0.0,0.0,0.0,0.0,0.0,0.0,0.0,0.0,0.0,0.3333,0.0,0.0,0.0,0.0,0.0,0.0,0.0,0.0,GO0015071@GO0005634@GO0005737@GO0006470@GO0006388@GO0000001@GO0000723@GO0000173
0.0,0.0,0.0,0.0,0.0,0.0,0.0,0.0,0.0,0.0,0.0,0.0,0.0,0.0,0.0,0.0,0.0,0.0,0.0,0.0,0.0,GO0005498@GO0008142@GO0005545@GO0005783@GO0005886@GO0005935@GO0030469@GO0006897@GO0015918@GO0006887
0.0,0.0,0.5,0.0,0.5,0.0,0.0,0.0,0.0,0.0,0.0,0.0,0.3333,0.0,0.0,0.0,0.0,0.0,0.0,0.0,0.0,GO0003993@GO0009277@GO0001403@GO0007124
0.0,0.0,0.0,0.0,0.0,0.0,0.0,0.0,0.0,0.0,0.0,0.0,0.0,0.0,0.0,0.0,0.0,0.0,0.0,0.0,0.0,GO0003735@GO0005842@GO0006412
0.0,0.0,0.0,0.0,0.0,0.0,0.0,0.0,0.0,0.0,0.0,0.0,0.6667,0.0,0.0,0.0,0.0,0.0,0.0,0.0,0.0,GO0005094@GO0004871@GO0005934@GO0005935@GO0005829@GO0007264@GO0007015
0.0,0.0,0.0,0.0,0.0,0.0,0.0,0.0,0.0,0.0,0.0,0.0,0.0,0.0,0.0,0.0,0.0,0.0,0.0,0.0,0.0,GO0005355@GO0005536@GO0004872@GO0005886@GO0007165@GO0009749
0.0,0.0,0.0,0.0,0.0,0.0,0.0,0.0,0.0,0.0,0.0,0.0,0.0,0.0,0.0,0.0,0.0,0.0,0.0,0.0,0.0,GO0004077@GO0004078@GO0004079@GO0004080@GO0005622@GO0005737@GO0009305
0.0,0.0,0.0,0.0,0.0,0.0,0.0,0.0,0.0,0.0,0.0,0.0,0.0,0.0,0.0,0.0,0.0,0.0,0.0,0.0,0.0,GO0004708@GO0043332@GO0005737@GO0006468@GO0000750@GO0001403@GO0007124
0.0,0.0,0.0,0.0,0.0,0.0,0.0,0.0,0.0,0.0,0.0,0.0,0.0,0.0,0.0,0.0,0.0,0.0,0.0,0.0,0.0,GO0003910@GO0005634@GO0005739@GO0005657@GO0006266@GO0006284@GO0006289@GO0006310@GO0006273
0.0,0.0,0.0,0.0,0.0,0.0,0.0,0.0,0.0,0.0,0.0,0.0,0.0,0.0,0.0,0.0,0.0,0.0,0.0,0.0,0.0,GO0004458@GO0003779@GO0005739@GO0005759@GO0006089
0.0,0.0,0.0,0.0,0.0,0.0,0.0,0.0,0.0,0.0,0.0,0.0,0.0,0.0,0.0,0.0,0.0,0.0,0.0,0.0,0.0,GO0004418@GO0005634@GO0005737@GO0006783
0.0,0.0,1.0,0.0,0.0,0.0,0.0,0.0,0.0,0.0,0.0,0.0,0.6667,0.0,0.0,0.0,0.0,0.0,0.0,0.0,0.0,GO0016887@GO0051082@GO0005844@GO0005625@GO0006412@GO0051083@GO0006450
0.0,0.0,0.0,0.0,0.0,0.0,0.0,0.0,0.0,0.0,0.0,0.0,0.0,0.0,0.0,0.0,0.0,0.0,0.0,0.0,0.0,GO0004375@GO0005960@GO0005739@GO0006546@GO0006730
0.0,0.0,0.0,0.0,1.0,0.0,0.0,0.0,0.0,0.0,0.0,0.0,0.6667,0.0,0.0,0.0,0.0,0.0,0.0,0.0,0.0,GO0008599@GO0000164@GO0005737@GO0005977@GO0007039@GO0006109@GO0000122
0.0,0.0,1.0,0.0,1.0,0.0,0.0,0.0,0.0,0.0,0.0,0.0,0.0,0.0,0.0,0.0,0.0,0.0,0.0,0.0,0.0,GO0003674@GO0005739@GO0005886@GO0008150
0.0,0.0,0.0,0.0,0.0,0.0,0.0,0.0,0.0,0.0,0.0,0.0,0.0,0.0,0.0,0.0,0.0,0.0,0.0,0.0,0.0,GO0008554@GO0008556@GO0005886@GO0042149@GO0006972@GO0009651@GO0009268@GO0006813@GO0006814
0.0,0.0,0.0,0.0,0.0,0.0,0.0,0.0,0.0,0.0,0.0,0.0,0.0,0.0,0.0,0.0,0.0,0.0,0.0,0.0,0.0,GO0030528@GO0005634@GO0019655@GO0009228@GO0006366
0.0,0.0,0.0,0.0,0.0,0.0,0.0,0.0,0.0,0.0,0.0,0.0,0.0,0.0,0.0,0.0,0.0,0.0,0.0,0.0,0.0,GO0008483@GO0005634@GO0005737@GO0008150
0.0,0.0,0.5,0.0,0.5,0.0,0.0,0.0,0.0,0.0,0.0,0.0,0.3333,0.0,0.0,0.0,0.0,0.0,0.0,0.0,0.0,GO0003674@GO0005739@GO0007047
0.0,0.0,0.5,0.0,0.0,0.0,0.0,0.0,0.0,0.0,0.0,0.0,0.3333,0.0,0.0,0.0,0.0,0.0,0.0,0.0,0.0,GO0003674@GO0009277@GO0008150
0.0,0.0,1.0,0.0,0.0,0.0,0.0,0.0,0.0,0.0,0.0,0.0,0.0,0.0,0.0,0.0,0.0,0.0,0.0,0.0,0.0,GO0016251@GO0000124@GO0046695@GO0005669@GO0016573@GO0006367@GO0000114
0.0,0.0,0.0,0.0,0.0,0.0,0.0,0.0,0.0,0.0,0.0,0.0,0.6667,0.0,0.0,0.0,0.0,0.0,0.0,0.0,0.0,GO0016308@GO0005886@GO0045011@GO0030437
0.0,0.0,1.0,0.0,1.0,0.0,0.0,0.0,0.0,0.0,0.0,0.0,0.6667,0.0,0.0,0.0,0.0,0.0,0.0,0.0,0.0,GO0005088@GO0030008@GO0006888
0.0,0.0,0.0,0.0,0.0,0.0,0.0,0.0,0.0,0.0,0.0,0.0,0.0,0.0,0.0,0.0,0.0,0.0,0.0,0.0,0.0,GO0004694@GO0005830@GO0008652@GO0006468@GO0006446
0.0,0.0,0.0,0.0,0.0,0.0,0.0,0.0,0.0,0.0,0.0,0.0,0.6667,0.0,0.0,0.0,0.0,0.0,0.0,0.0,0.0,GO0003723@GO0005737@GO0007047@GO0001302@GO0042493
0.0,0.0,0.0,0.0,0.0,0.0,0.0,0.0,0.0,0.0,0.0,0.0,0.0,0.0,0.0,0.0,0.0,0.0,0.0,0.0,0.0,GO0008094@GO0003677@GO0016586@GO0005634@GO0043044@GO0006368@GO0000074@GO0006355
0.0,0.0,1.0,0.0,1.0,0.0,0.0,0.0,0.0,0.0,0.0,0.0,0.0,0.0,0.0,0.0,0.0,0.0,0.0,0.0,0.0,GO0003704@GO0005634@GO0009074@GO0045944
0.0,0.0,0.0,0.0,0.0,0.0,0.0,0.0,0.0,0.0,0.0,1.0,0.0,0.0,0.0,0.0,0.0,0.0,0.0,0.0,0.0,GO0003702@GO0005634@GO0005737@GO0046686@GO0045944
0.0,0.0,0.0,0.0,0.0,0.0,0.0,0.0,0.0,0.0,0.0,0.0,0.6667,0.0,0.0,0.0,0.0,0.0,0.0,0.0,0.0,GO0004842@GO0005634@GO0005730@GO0000209@GO0006513@GO0006997@GO0007067@GO0006913@GO0008361
0.0,0.0,1.0,0.0,1.0,0.0,0.0,0.0,0.0,0.0,0.0,0.0,0.6667,0.0,0.0,0.0,0.0,0.0,0.0,0.0,0.0,GO0005515@GO0000938@GO0005794@GO0030029@GO0042147@GO0006896
0.0,0.0,0.5,0.0,0.5,0.0,0.0,0.0,0.0,0.0,0.0,0.0,0.3333,0.0,0.0,1.0,0.0,0.0,0.0,0.0,0.0,GO0005485@GO0005783@GO0005789@GO0006906@GO0006890
0.0,0.0,0.5,0.0,0.0,0.0,0.0,0.0,0.0,0.0,0.0,0.0,0.3333,0.0,0.0,0.0,0.0,0.0,0.0,0.0,0.0,GO0005215@GO0005886@GO0015793
0.0,0.0,0.0,0.0,0.0,0.0,0.0,0.0,0.0,0.0,0.0,0.0,0.0,0.0,0.0,0.0,0.0,0.0,0.0,0.0,0.0,GO0003700@GO0005634@GO0008652@GO0006990
0.0,0.0,0.0,0.0,0.0,0.0,0.0,0.0,0.0,0.0,0.0,0.0,0.0,0.0,0.0,0.0,0.0,0.0,0.0,0.0,0.0,GO0008121@GO0005750@GO0005739@GO0006122@GO0009060
0.0,0.0,1.0,0.0,1.0,0.0,0.0,0.0,0.0,0.0,0.0,0.0,0.6667,0.0,0.0,0.0,0.0,0.0,0.0,0.0,0.0,GO0003743@GO0005515@GO0005840@GO0005739@GO0005737@GO0006413
0.0,0.0,0.0,0.0,0.0,0.0,0.0,0.0,0.0,0.0,0.0,0.0,0.0,0.0,0.0,0.0,0.0,0.0,0.0,0.0,0.0,GO0004793@GO0005829@GO0006545@GO0006567
0.0,0.0,0.0,0.0,0.0,0.0,0.0,0.0,0.0,0.0,0.0,0.0,0.0,0.0,0.0,0.0,0.0,0.0,0.0,0.0,0.0,GO0016156@GO0005840@GO0005739@GO0005829@GO0008152
0.0,0.0,1.0,0.0,0.0,0.0,0.0,0.0,0.0,0.0,0.0,0.0,0.0,0.0,0.0,0.0,0.0,0.0,0.0,0.0,0.0,GO0005288@GO0005293@GO0005739@GO0005886@GO0045121@GO0015802
0.0,0.0,0.0,0.0,0.0,0.0,0.0,0.0,0.0,0.0,0.0,0.0,0.6667,0.0,0.0,0.0,0.0,0.0,0.0,0.0,0.0,GO0003735@GO0005842@GO0006412
0.0,0.0,0.0,0.0,0.0,0.0,0.0,0.0,0.0,0.0,0.0,0.0,0.0,0.0,0.0,0.0,0.0,0.0,0.0,0.0,0.0,GO0005543@GO0005933@GO0005935@GO0007266@GO0030468
0.0,0.0,0.5,0.0,0.0,0.0,0.0,0.0,0.0,0.0,0.0,0.0,0.3333,0.0,0.0,0.0,0.0,0.0,0.0,0.0,0.0,GO0003735@GO0005842@GO0006412@GO0042493
0.0,0.0,0.0,0.0,0.0,0.0,0.0,0.0,0.0,0.0,0.0,0.0,0.0,0.0,0.0,0.0,0.0,0.0,0.0,0.0,0.0,GO0016887@GO0016944@GO0000124@GO0046695@GO0008023@GO0005739@GO0006338@GO0006368
0.0,0.0,0.0,0.0,0.0,0.0,0.0,0.0,0.0,0.0,0.0,0.0,0.0,0.0,0.0,0.0,0.0,0.0,0.0,0.0,0.0,GO0003689@GO0005663@GO0005634@GO0006289@GO0007131@GO0000077
0.0,0.0,1.0,0.0,1.0,0.0,0.0,0.0,0.0,0.0,0.0,0.0,0.0,0.0,0.0,0.0,0.0,0.0,0.0,0.0,0.0,GO0003677@GO0005515@GO0005634@GO0005977@GO0001402@GO0007265@GO0007124@GO0051436@GO0000077@GO0030437
0.0,0.0,1.0,0.0,1.0,0.0,0.0,0.0,0.0,0.0,0.0,0.0,0.6667,0.0,0.0,0.0,0.0,0.0,0.0,0.0,0.0,GO0003924@GO0030133@GO0005739@GO0005741@GO0030478@GO0000131@GO0007121@GO0007264@GO0006906@GO0007107@GO0031321@GO0000910@GO0006887@GO0006893
0.0,0.0,0.5,0.0,0.0,0.0,0.0,0.0,0.0,0.0,0.0,0.0,0.3333,0.0,0.0,0.0,0.0,0.0,0.0,0.0,0.0,GO0003700@GO0003704@GO0005634@GO0006644@GO0006990
0.0,0.0,1.0,0.0,0.0,0.0,0.0,0.0,0.0,0.0,0.0,0.0,0.6667,0.0,0.0,0.0,0.0,0.0,0.0,0.0,0.0,GO0004672@GO0005634@GO0005737@GO0006468@GO0001324@GO0040020
0.0,0.0,0.0,0.0,1.0,0.0,0.0,0.0,0.0,0.0,0.0,0.0,0.6667,0.0,0.0,0.0,0.0,0.0,0.0,0.0,0.0,GO0000285@GO0032266@GO0005739@GO0005770@GO0005773@GO0005774@GO0006644@GO0000433@GO0007033@GO0045324@GO0006896
0.0,0.0,0.0,0.0,0.0,0.0,0.0,0.0,0.0,0.0,0.0,0.0,0.0,0.0,0.0,0.0,0.0,0.0,0.0,0.0,0.0,GO0004514@GO0005634@GO0005737@GO0009435
0.0,0.0,0.0,0.0,0.0,0.0,0.0,0.0,0.0,0.0,0.0,0.0,0.6667,0.0,0.0,0.0,0.0,0.0,0.0,0.0,0.0,GO0043565@GO0016566@GO0005641@GO0005634@GO0005737@GO0000433
0.0,0.0,1.0,0.0,1.0,0.0,0.0,0.0,0.0,0.0,0.0,0.0,0.6667,0.0,0.0,0.0,0.0,0.0,0.0,0.0,0.0,GO0008143@GO0005634@GO0005737@GO0006378@GO0016973
0.0,0.0,0.0,0.0,0.0,0.0,0.0,0.0,0.0,0.0,0.0,0.0,0.0,0.0,0.0,0.0,0.0,0.0,0.0,0.0,0.0,GO0016538@GO0000307@GO0005979@GO0005981
0.0,0.0,1.0,0.0,0.0,0.0,0.0,0.0,0.0,0.0,0.0,0.0,0.6667,0.0,0.0,0.0,0.0,0.0,0.0,0.0,0.0,GO0003735@GO0005843@GO0006412
0.0,0.0,0.0,0.0,1.0,0.0,0.0,0.0,0.0,0.0,0.0,0.0,0.6667,0.0,0.0,0.0,0.0,0.0,0.0,0.0,0.0,GO0005198@GO0030125@GO0006897
0.0,0.0,0.5,0.0,0.5,0.0,0.0,0.0,0.0,0.0,0.0,0.0,0.3333,0.0,0.0,0.0,0.0,0.0,0.0,0.0,0.0,GO0003674@GO0000795@GO0007129@GO0007130
0.0,0.0,0.0,0.0,0.0,0.0,0.0,0.0,0.0,0.0,0.0,0.0,0.6667,0.0,0.0,0.0,0.0,0.0,0.0,0.0,0.0,GO0004306@GO0005634@GO0005737@GO0006646
0.0,0.0,0.0,0.0,0.0,0.0,0.0,0.0,0.0,0.0,0.0,0.0,0.0,0.0,0.0,0.0,0.0,0.0,0.0,0.0,0.0,GO0003867@GO0005622@GO0019740
0.0,0.0,0.0,0.0,0.0,0.0,0.0,0.0,0.0,0.0,0.0,0.0,0.6667,0.0,0.0,0.0,0.0,0.0,0.0,0.0,0.0,GO0016566@GO0005634@GO0007126@GO0000122
0.0,0.0,0.5,0.0,0.0,0.0,0.0,0.0,0.0,0.0,0.0,0.0,0.3333,0.0,0.0,0.0,0.0,0.0,0.0,0.0,0.0,GO0000102@GO0005887@GO0000101
0.0,0.0,0.5,0.0,0.5,0.0,0.0,0.0,0.0,0.0,0.0,0.0,0.3333,0.0,0.0,0.0,0.0,0.0,0.5,0.0,0.0,GO0003674@GO0005844@GO0005634@GO0005737@GO0000184@GO0000723@GO0006452
0.0,0.0,0.5,0.0,0.0,0.0,0.0,0.0,0.0,0.0,0.0,0.0,0.3333,0.0,0.0,0.0,0.0,0.0,0.0,0.0,0.0,GO0004737@GO0005737@GO0006067
0.0,0.0,0.0,0.0,0.0,0.0,0.0,0.0,0.0,0.0,0.0,0.0,0.6667,0.0,0.0,0.0,0.0,0.0,0.0,0.0,0.0,GO0015234@GO0005740@GO0030974
0.0,0.0,0.0,0.0,0.0,0.0,0.0,0.0,0.0,0.0,0.0,0.0,0.6667,0.0,0.0,0.0,0.0,0.0,0.0,0.0,0.0,GO0005515@GO0017119@GO0000300@GO0005625@GO0006888@GO0000301
0.0,0.0,0.0,0.0,0.0,0.0,0.0,0.0,0.0,0.0,0.0,0.0,0.0,0.0,0.0,0.0,0.0,0.0,0.0,0.0,0.0,GO0003674@GO0005575@GO0008150
0.0,0.0,0.0,0.0,1.0,0.0,0.0,0.0,0.0,0.0,0.0,0.0,0.6667,0.0,0.0,0.0,0.0,0.0,0.0,0.0,0.0,GO0004175@GO0019773@GO0006511@GO0030447
0.0,0.0,1.0,0.0,1.0,0.0,0.0,0.0,0.0,0.0,0.0,0.0,0.6667,0.0,0.0,0.0,0.0,0.0,0.0,0.0,0.0,GO0003697@GO0003723@GO0005634@GO0005739@GO0005730@GO0006364@GO0000028@GO0000723
0.0,0.0,1.0,0.0,0.0,0.0,0.0,0.0,0.0,0.0,0.0,0.0,0.6667,0.0,0.0,0.0,0.0,0.0,0.0,0.0,0.0,GO0004609@GO0000139@GO0000329@GO0006656
0.0,0.0,1.0,0.0,1.0,0.0,0.0,0.0,0.0,0.0,0.0,0.0,0.6667,0.0,0.0,0.0,0.0,0.0,0.0,0.0,0.0,GO0005515@GO0000817@GO0000778@GO0007059
0.0,0.0,0.5,0.0,0.5,0.0,0.0,0.0,0.0,0.0,0.0,1.0,0.3333,0.0,0.0,0.0,0.0,0.0,0.0,0.0,0.0,GO0005290@GO0005886@GO0006828@GO0015817
0.0,0.0,0.5,0.0,0.5,0.0,0.0,0.0,0.0,0.0,0.0,0.0,0.3333,0.0,0.0,0.0,0.0,0.0,0.0,0.0,0.0,GO0045118@GO0005886@GO0045117
0.0,0.0,0.0,0.0,0.0,0.0,0.0,0.0,0.0,0.0,0.0,0.0,0.0,0.0,0.0,0.0,0.0,0.0,0.0,0.0,0.0,GO0030276@GO0030479@GO0006897
0.0,0.0,0.0,0.0,0.0,0.0,0.0,0.0,0.0,0.0,0.0,0.0,0.0,0.0,0.0,0.0,0.0,0.0,0.0,0.0,0.0,GO0003709@GO0000126@GO0006384
0.0,0.0,0.0,0.0,0.0,0.0,0.0,0.0,0.0,0.0,0.0,0.0,0.0,0.0,0.0,0.0,0.0,0.0,0.0,0.0,0.0,GO0017057@GO0005634@GO0005737@GO0005829@GO0009051
0.0,0.0,0.0,0.0,0.0,0.0,0.0,0.0,0.0,0.0,0.0,0.0,0.0,0.0,0.0,0.0,0.0,0.0,0.0,0.0,0.0,GO0004616@GO0005829@GO0009051
0.0,0.0,0.0,0.0,0.0,0.0,0.0,0.0,0.0,0.0,0.0,0.0,0.6667,0.0,0.0,0.0,0.0,0.0,0.0,0.0,0.0,GO0003674@GO0030123@GO0006896
0.0,0.0,0.5,0.0,0.5,0.0,0.0,0.0,0.0,0.0,0.0,0.0,0.3333,0.0,0.0,0.0,0.0,0.0,0.0,0.0,0.0,GO0008408@GO0005634@GO0006396
0.0,0.0,0.0,0.0,0.0,0.0,0.0,0.0,0.0,0.0,0.0,0.0,0.0,0.0,0.0,0.0,0.0,0.0,0.0,0.0,0.0,GO0004338@GO0009277@GO0007047
0.0,0.0,0.0,0.0,0.0,0.0,0.0,0.0,0.0,0.0,0.0,0.0,0.0,0.0,0.0,0.0,0.0,0.0,0.0,0.0,0.0,GO0004749@GO0005737@GO0000162@GO0000105@GO0006189@GO0006207@GO0006166@GO0042254@GO0000723@GO0008361
0.0,0.0,1.0,0.0,0.0,0.0,0.0,0.0,0.0,0.0,0.0,0.0,0.0,0.0,0.0,0.0,0.0,0.0,0.0,0.0,0.0,GO0003723@GO0005737@GO0006279@GO0007131@GO0007126@GO0030435
0.0,0.0,1.0,0.0,1.0,0.0,0.0,0.0,0.0,0.0,0.0,0.0,0.6667,0.0,0.0,0.0,0.0,0.0,0.0,0.0,0.0,GO0000146@GO0016460@GO0000142@GO0005935@GO0000131@GO0000915@GO0000916@GO0007109@GO0000910
0.0,0.0,0.5,0.0,0.5,0.5,0.0,0.0,0.0,0.0,0.0,0.0,0.3333,0.0,0.0,0.0,0.0,0.0,0.0,0.0,0.0,GO0004175@GO0030674@GO0008540@GO0005634@GO0005783@GO0005737@GO0006511
0.0,0.0,0.0,0.0,0.0,0.0,0.0,0.0,0.0,0.0,0.0,0.0,0.6667,0.0,0.0,0.0,0.0,0.0,0.0,0.0,0.0,GO0004003@GO0005724@GO0005657@GO0006260@GO0000002
0.0,0.0,0.5,0.0,0.0,0.0,0.0,0.0,0.0,0.0,0.0,0.0,0.3333,0.0,0.0,0.0,0.0,0.0,0.0,0.0,0.0,GO0016455@GO0016592@GO0006366@GO0000723
0.0,0.0,1.0,0.0,1.0,0.0,0.0,0.0,0.0,0.0,0.0,0.0,0.6667,0.0,0.0,0.0,0.0,0.0,0.0,0.0,0.0,GO0009055@GO0005739@GO0005741@GO0005792@GO0006118@GO0006696
0.0,0.0,0.5,0.0,0.0,0.0,0.0,0.0,0.0,0.0,0.0,0.0,0.3333,0.0,0.0,0.0,0.0,0.0,0.0,0.0,0.0,GO0005507@GO0005829@GO0046688
0.0,0.0,0.0,0.0,0.0,0.0,0.0,0.0,0.0,0.0,0.0,0.0,0.0,0.0,0.0,0.0,0.0,0.0,0.0,0.0,0.0,GO0004845@GO0005622@GO0008655
0.0,0.0,0.5,0.0,0.5,0.0,0.0,0.0,0.0,0.0,0.0,0.0,0.3333,0.0,0.0,0.0,0.0,0.0,0.0,0.0,0.0,GO0003735@GO0005842@GO0006412
0.0,0.0,0.0,0.0,1.0,0.0,0.0,0.0,0.0,0.0,0.0,0.0,0.6667,0.0,0.0,0.0,0.0,0.0,0.0,0.0,0.0,GO0005515@GO0043224@GO0005634@GO0031146@GO0016567@GO0007049@GO0046686@GO0046685
0.0,0.0,1.0,0.0,1.0,0.0,0.0,0.0,0.0,0.0,0.0,0.0,0.6667,0.0,0.0,0.0,0.0,0.0,0.0,0.0,0.0,GO0003735@GO0005842@GO0006412@GO0000723
0.0,0.0,0.5,0.0,0.0,0.0,0.0,0.0,0.0,0.0,0.0,0.0,0.3333,0.0,0.0,0.0,0.0,0.0,0.0,0.0,0.0,GO0015926@GO0005737@GO0008150
0.0,0.0,0.0,0.0,0.0,0.0,0.0,0.0,0.0,0.0,0.0,0.0,0.0,0.0,0.0,0.0,0.0,0.0,0.0,0.0,0.0,GO0043138@GO0003724@GO0005634@GO0006281
0.0,0.0,0.0,0.0,0.0,0.0,0.0,0.0,0.0,0.0,0.0,0.0,0.0,0.0,0.0,0.0,0.0,0.0,0.0,0.0,0.0,GO0051087@GO0005829@GO0016558
0.0,0.0,0.0,0.0,0.0,0.0,0.0,0.0,0.0,0.0,0.0,0.0,0.6667,0.0,0.0,0.0,0.0,0.0,0.0,0.0,0.0,GO0004725@GO0008138@GO0005737@GO0005977@GO0042254@GO0007126@GO0030437
0.0,0.0,1.0,0.0,1.0,0.0,0.0,0.0,0.0,0.0,0.0,0.0,0.3333,0.0,0.0,0.0,0.0,0.0,0.0,0.0,0.0,GO0008565@GO0042721@GO0005739@GO0045039
0.0,0.0,0.5,0.0,0.5,0.0,0.0,0.0,0.0,0.0,0.0,0.0,0.3333,0.0,0.0,0.0,0.0,0.0,0.0,0.0,0.0,GO0015386@GO0005739@GO0016020@GO0015672
0.0,0.0,0.5,0.0,0.5,0.0,0.0,0.0,0.0,0.0,0.0,0.0,0.3333,0.0,0.0,0.0,0.0,0.0,0.0,0.0,0.0,GO0000339@GO0000932@GO0005845@GO0000288@GO0000290
0.0,0.0,0.0,0.0,0.0,0.0,0.0,0.0,0.0,0.0,0.0,0.0,0.0,0.0,0.0,0.0,0.0,0.0,0.0,0.0,0.0,GO0003674@GO0005634@GO0005737@GO0007126
0.0,0.0,0.0,0.0,0.0,0.0,0.0,0.0,0.0,0.0,0.0,0.0,0.0,0.0,0.0,0.0,0.0,0.0,0.0,0.0,0.0,GO0003873@GO0004331@GO0005829@GO0006006
0.0,0.0,0.0,0.0,0.0,0.0,0.0,0.0,0.0,0.0,0.0,0.0,0.0,0.0,0.0,0.0,0.0,0.0,0.0,0.0,0.0,GO0003674@GO0005575@GO0008150
0.0,0.0,0.0,0.0,0.0,0.0,0.0,0.0,0.0,0.0,0.0,0.0,0.0,0.0,0.0,0.0,0.0,0.0,0.0,0.0,0.0,GO0004226@GO0000324@GO0006807@GO0006508
0.0,0.0,0.5,0.0,0.5,0.0,0.0,0.0,0.0,0.0,0.0,0.0,0.3333,0.0,0.0,0.0,0.0,0.0,0.0,0.0,0.0,GO0009922@GO0016020@GO0019368
0.0,0.0,0.0,0.0,0.0,0.0,0.0,0.0,0.0,0.0,0.0,0.0,0.0,0.0,0.0,0.0,0.0,0.0,0.0,0.0,0.0,GO0003674@GO0005737@GO0007047@GO0030447@GO0042493
0.0,0.0,0.5,0.0,0.5,0.0,0.0,0.0,0.0,0.0,0.0,0.0,0.3333,0.0,0.0,0.0,0.0,0.0,0.0,0.0,0.0,GO0003674@GO0005575@GO0008150
0.0,0.0,0.0,0.0,0.0,0.0,0.0,0.0,0.0,0.0,0.0,0.0,0.0,0.0,0.0,0.0,0.0,0.0,0.0,0.0,0.0,GO0050839@GO0009277@GO0000752
0.0,0.0,0.0,0.0,1.0,0.0,0.0,0.0,0.0,0.0,0.0,0.0,0.0,0.0,0.0,0.0,0.0,0.0,0.0,0.0,0.0,GO0016887@GO0008565@GO0030234@GO0001405@GO0005739@GO0005743@GO0042645@GO0042026@GO0030150
0.0,0.0,0.0,0.0,1.0,0.0,0.0,0.0,0.0,0.0,0.0,0.0,0.0,0.0,0.0,0.0,0.0,0.0,0.0,0.0,0.0,GO0003674@GO0005656@GO0005634@GO0005737@GO0030174
0.0,0.0,0.0,0.0,0.0,0.0,0.0,0.0,0.0,0.0,0.0,0.0,0.0,0.0,0.0,0.0,0.0,0.0,0.0,0.0,0.0,GO0008418@GO0005739@GO0030163@GO0006464
0.0,0.0,1.0,0.0,1.0,0.0,0.0,0.0,0.0,0.0,0.0,0.0,0.6667,0.0,0.0,0.0,0.0,0.0,0.0,0.0,0.0,GO0046933@GO0005754@GO0005739@GO0005625@GO0015986@GO0001321
0.0,0.0,0.0,0.0,0.0,0.0,0.0,0.0,0.0,0.0,0.0,0.0,0.0,0.0,0.0,0.0,0.0,0.0,0.0,0.0,0.0,GO0003674@GO0005634@GO0005737@GO0007124
0.0,0.0,0.5,0.0,0.5,0.0,0.0,0.0,0.0,0.0,0.0,0.0,0.3333,0.0,0.0,0.0,0.0,0.0,0.0,0.0,0.0,GO0018456@GO0005575@GO0006081
0.0,0.0,0.0,0.0,0.0,0.0,0.0,0.0,0.0,0.0,0.0,0.0,0.0,0.0,0.0,0.0,0.0,0.0,0.0,0.0,0.0,GO0003746@GO0005840@GO0005853@GO0005739@GO0006414
0.0,0.0,0.0,0.0,1.0,0.0,0.0,0.0,0.0,0.0,0.0,0.0,0.0,0.0,0.0,0.0,0.0,0.0,0.0,0.0,0.0,GO0003674@GO0005657@GO0006271
0.0,0.0,0.0,0.0,0.0,0.0,0.0,0.0,0.0,0.0,0.0,1.0,0.0,0.0,0.0,0.0,0.0,0.0,0.0,0.0,0.0,GO0008311@GO0017005@GO0003906@GO0005634@GO0005739@GO0006284@GO0000723
0.0,0.0,0.0,0.0,0.0,0.0,0.0,0.0,0.0,0.0,0.0,0.0,0.0,0.0,0.0,0.0,0.0,0.0,0.0,0.0,0.0,GO0000227@GO0008271@GO0005739@GO0005743@GO0008272@GO0015729
0.0,0.0,1.0,0.0,0.0,0.0,0.0,0.0,0.0,0.0,0.0,0.0,0.0,0.0,0.0,0.0,0.0,0.0,0.0,0.0,0.0,GO0008597@GO0005955@GO0019722
0.0,0.0,0.5,0.0,0.0,0.0,0.0,0.0,0.0,0.0,0.0,0.0,0.3333,0.0,0.0,0.0,0.0,0.0,0.0,0.0,0.0,GO0004933@GO0005887@GO0000750
0.0,0.0,1.0,0.0,0.0,0.0,0.0,0.0,0.0,0.0,0.0,0.0,0.0,0.0,0.0,0.0,0.0,0.0,0.0,0.0,0.0,GO0004425@GO0004049@GO0005950@GO0005737@GO0000162
0.0,0.0,0.0,0.0,0.0,0.0,0.0,0.0,0.0,0.0,0.0,0.0,0.0,0.0,0.0,0.0,0.0,0.0,0.0,0.0,0.0,GO0003674@GO0005737@GO0008150
0.0,0.0,0.0,0.0,1.0,0.0,0.0,0.0,0.0,0.0,0.0,0.0,0.6667,0.0,0.0,0.0,0.0,0.0,0.0,0.0,0.0,GO0003674@GO0005739@GO0000183@GO0048017@GO0007047
0.0,0.0,0.0,0.0,0.0,0.0,0.0,0.0,0.0,0.0,0.0,0.0,0.0,0.0,0.0,0.0,0.0,0.0,0.0,0.0,0.0,GO0008466@GO0005575@GO0005978
0.0,0.0,0.0,0.0,0.0,0.0,0.0,0.0,0.0,0.0,0.0,0.0,0.0,0.0,0.0,0.0,0.0,0.0,0.0,0.0,0.0,GO0004130@GO0005758@GO0005739@GO0006979
0.0,0.0,0.0,0.0,0.0,0.0,0.0,0.0,0.0,0.0,0.0,0.0,0.0,0.0,0.0,0.0,0.0,0.0,0.0,0.0,0.0,GO0004366@GO0005783@GO0005737@GO0008654
0.0,0.0,0.0,0.0,0.0,0.0,0.0,0.0,0.0,0.0,0.0,0.0,0.0,0.0,0.0,0.0,0.0,0.0,0.0,0.0,0.0,GO0003674@GO0005759@GO0000723@GO0006826
0.0,0.0,0.5,0.0,0.5,0.0,0.0,0.0,0.0,0.0,0.0,0.0,0.3333,0.0,0.0,0.0,0.0,0.0,0.0,0.0,0.0,GO0003962@GO0005575@GO0006790
0.0,0.0,0.5,0.0,0.5,0.0,0.0,0.0,0.0,0.0,0.0,0.0,0.3333,0.0,0.0,0.0,0.0,0.0,0.0,0.0,0.0,GO0000100@GO0005886@GO0015806
0.0,0.0,0.5,0.0,0.5,0.0,0.0,0.0,0.0,0.0,0.0,0.0,0.3333,0.0,0.0,0.0,0.0,0.0,0.0,0.0,0.0,GO0004721@GO0005886@GO0006950
0.0,0.0,0.0,0.0,0.0,0.0,0.0,0.0,0.0,0.0,0.0,0.0,0.6667,0.0,0.0,0.0,0.0,0.0,0.0,0.0,0.0,GO0005381@GO0000329@GO0006880
0.0,0.0,0.0,0.0,1.0,0.0,0.0,0.0,0.0,0.0,0.0,0.0,0.0,0.0,0.0,0.0,0.0,0.0,0.0,0.0,0.0,GO0003712@GO0017025@GO0000124@GO0005634@GO0000122@GO0045944
0.0,0.0,0.0,0.0,0.0,0.0,0.0,0.0,0.0,0.0,0.0,0.0,0.0,0.0,0.0,0.0,0.0,0.0,0.0,0.0,0.0,GO0000248@GO0005783@GO0006696@GO0006897
0.0,0.0,0.0,0.0,0.0,0.0,0.0,0.0,0.0,0.0,0.0,0.0,0.0,0.0,0.0,0.0,0.0,0.0,0.0,0.0,0.0,GO0004657@GO0005739@GO0006537@GO0010133
0.0,0.0,0.5,0.0,0.5,0.0,0.0,0.0,0.0,0.0,0.0,0.0,0.3333,0.0,0.0,0.0,0.0,0.0,0.0,0.0,0.0,GO0003729@GO0031202@GO0005682@GO0005685@GO0046540@GO0000243@GO0000398
0.0,0.0,0.5,0.0,0.0,0.0,0.0,0.0,0.0,0.0,0.0,0.0,0.3333,0.0,0.0,0.0,0.0,0.0,0.0,0.0,0.0,GO0004164@GO0005737@GO0017183
0.0,0.0,0.5,0.0,0.5,0.0,0.0,0.0,0.0,0.0,0.0,0.0,0.3333,0.0,0.0,0.0,0.0,0.0,0.0,0.0,0.0,GO0003713@GO0005634@GO0005737@GO0006350@GO0000083@GO0007126
0.0,0.0,0.5,0.0,0.5,0.0,0.0,0.0,0.0,0.0,0.0,0.0,0.3333,0.0,0.0,0.0,0.0,0.0,0.0,0.0,0.0,GO0003746@GO0005840@GO0006414@GO0042254
0.0,0.0,0.5,0.0,0.5,0.0,0.0,0.0,0.0,0.0,0.0,0.0,0.3333,0.0,0.0,0.0,0.0,0.0,0.0,0.0,0.0,GO0003677@GO0005634@GO0000722@GO0006348@GO0000077
0.0,0.0,0.0,0.0,1.0,0.0,0.0,0.0,0.0,0.0,0.0,0.0,0.6667,0.0,0.0,0.0,0.0,0.0,0.0,0.0,0.0,GO0003779@GO0030479@GO0007121@GO0007015@GO0006897@GO0006970
0.0,0.5,0.5,0.0,0.0,0.0,0.0,0.0,0.0,0.0,0.0,0.0,0.3333,0.0,0.0,0.0,0.0,0.0,0.0,0.0,0.0,GO0003843@GO0000148@GO0005739@GO0030478@GO0030479@GO0006075@GO0006897@GO0007047@GO0008361
0.0,0.0,0.0,0.0,0.0,0.0,0.0,0.0,0.0,0.0,0.0,0.0,0.0,0.0,0.0,0.0,0.0,0.0,0.0,0.0,0.0,GO0005310@GO0005740@GO0005739@GO0006835
0.0,0.0,1.0,0.0,1.0,0.0,0.0,0.0,0.0,0.0,0.0,0.0,0.6667,0.0,0.0,0.0,0.0,0.0,0.0,0.0,0.0,GO0008094@GO0016586@GO0006303@GO0043044@GO0006368@GO0007062@GO0000723
0.0,0.0,0.5,0.0,0.5,0.0,0.0,0.0,0.0,1.0,0.0,0.0,0.3333,0.0,0.0,0.0,0.0,0.0,0.0,0.0,0.0,GO0009922@GO0005783@GO0005789@GO0030497@GO0030148@GO0000723@GO0006892
0.0,0.0,0.0,0.0,0.0,0.0,0.0,0.0,0.0,0.0,0.0,0.0,0.0,0.0,0.0,0.0,0.0,0.0,0.0,0.0,0.0,GO0008237@GO0016021@GO0007323@GO0006508
0.0,0.0,0.5,0.0,0.0,0.0,0.0,0.0,0.0,0.0,0.0,0.0,0.3333,0.0,0.0,0.0,0.0,0.0,0.0,0.0,0.0,GO0003700@GO0005634@GO0005737@GO0006383@GO0042254@GO0008361
0.0,0.0,0.5,0.0,0.0,0.0,0.0,0.0,0.0,0.0,0.0,0.0,0.3333,0.0,0.0,0.0,0.0,0.0,0.0,0.0,0.0,GO0030620@GO0005686@GO0000398@GO0000245
0.0,0.0,0.5,0.0,0.5,0.0,0.0,0.0,0.0,0.0,0.0,0.0,0.3333,0.0,0.0,0.0,0.0,0.0,0.0,0.0,0.0,GO0004420@GO0005635@GO0005789@GO0005759@GO0006696
0.0,0.0,0.0,0.0,0.0,0.0,0.0,0.0,0.0,0.0,0.0,0.0,0.0,0.0,0.0,0.0,0.0,0.0,0.0,0.0,0.0,GO0003700@GO0005634@GO0005739@GO0001101
0.0,0.0,0.5,0.0,1.0,0.0,0.0,0.0,0.0,0.0,0.0,0.0,0.3333,0.0,0.0,0.0,0.0,0.0,0.0,0.0,0.0,GO0015631@GO0016272@GO0005737@GO0007021
0.0,0.0,0.0,0.0,0.0,0.0,0.0,0.0,0.0,0.0,0.0,0.0,0.0,0.0,0.0,0.0,0.0,0.0,0.0,0.0,0.0,GO0008131@GO0005737@GO0006598@GO0015940
0.0,0.0,0.5,0.0,0.0,0.0,0.0,0.0,0.0,0.0,0.0,0.0,0.3333,0.0,0.0,0.0,0.0,0.0,0.0,0.0,0.0,GO0003677@GO0016563@GO0016564@GO0005634@GO0006350@GO0000723
0.0,0.0,0.0,0.0,0.0,0.0,0.0,0.0,0.0,0.0,0.0,0.0,0.0,0.0,0.0,0.0,0.0,0.0,0.0,0.0,0.0,GO0004643@GO0003937@GO0005829@GO0006189
0.0,0.0,0.0,0.0,0.0,0.0,0.0,0.0,0.0,0.0,0.0,0.0,0.0,0.0,0.0,0.0,0.0,0.0,0.0,0.0,0.0,GO0003954@GO0005739@GO0019655@GO0006116@GO0001300
0.0,0.0,0.0,0.0,0.0,0.0,0.0,0.0,0.0,0.0,0.0,0.0,0.0,0.0,0.0,0.0,0.0,0.0,0.0,0.0,0.0,GO0003674@GO0005739@GO0005737@GO0005811@GO0006974
0.0,0.0,1.0,0.0,1.0,0.0,0.0,0.0,0.0,0.0,0.0,0.0,0.6667,0.0,0.0,0.0,0.0,0.0,0.0,0.0,0.0,GO0004028@GO0005737@GO0019483@GO0006598@GO0006950
0.0,0.0,0.0,0.0,0.0,0.0,0.0,0.0,0.0,0.0,0.0,0.0,0.0,0.0,0.0,0.0,0.0,0.0,0.0,0.0,0.0,GO0004028@GO0005737@GO0019483@GO0006598@GO0006081
0.0,0.0,0.0,0.0,0.0,0.0,0.0,0.0,0.0,0.0,0.0,0.0,0.0,0.0,0.0,0.0,0.0,0.0,0.0,0.0,0.0,GO0005543@GO0005625@GO0006970@GO0009269
0.0,0.0,0.0,0.0,0.0,0.0,0.0,0.0,0.0,0.0,0.0,0.0,0.0,0.0,0.0,0.0,0.0,0.0,0.0,0.0,0.0,GO0004651@GO0005634@GO0005737@GO0006396
0.0,0.0,0.0,0.0,0.0,0.0,0.0,0.0,0.0,0.0,0.0,0.0,0.0,0.0,0.0,0.0,0.0,0.0,0.0,0.0,0.0,GO0005486@GO0005783@GO0005737@GO0005887@GO0006906@GO0006893
0.0,0.0,1.0,0.0,0.0,0.0,0.0,0.0,0.0,0.0,0.0,0.0,0.0,0.0,0.0,0.0,0.0,0.0,0.0,0.0,0.0,GO0004375@GO0005960@GO0005739@GO0006546@GO0006730
0.0,0.0,1.0,0.0,1.0,0.0,0.0,0.0,0.0,0.0,0.0,0.0,0.6667,0.0,0.0,0.0,0.0,0.0,0.0,0.0,0.0,GO0005515@GO0005643@GO0005934@GO0005935@GO0005737@GO0006342@GO0030468@GO0007569@GO0006406
0.0,0.0,0.0,0.0,0.0,0.0,0.0,0.0,0.0,0.0,0.0,0.0,0.0,0.0,0.0,0.0,0.0,0.0,0.0,0.0,0.0,GO0004186@GO0000328@GO0000324@GO0005783@GO0005737@GO0007039
0.0,0.0,0.0,0.0,0.0,0.0,0.0,0.0,0.0,0.0,0.0,0.0,0.6667,0.0,0.0,0.0,0.0,0.0,0.0,0.0,0.0,GO0008047@GO0005634@GO0005737@GO0005978@GO0007059
0.0,0.0,0.0,0.0,1.0,0.0,0.0,0.0,0.0,0.0,0.0,0.0,0.0,0.0,0.0,0.0,0.0,0.0,0.0,0.0,0.0,GO0003674@GO0008023@GO0032447@GO0006400@GO0006357
0.0,0.0,0.0,0.0,0.0,0.0,0.0,0.0,0.0,0.0,0.0,0.0,0.0,0.0,0.0,0.0,0.0,0.0,0.0,0.0,0.0,GO0016887@GO0003746@GO0005830@GO0006414
0.0,0.0,0.0,0.0,0.0,0.0,0.0,0.0,0.0,0.0,0.0,0.0,0.0,0.0,0.0,0.0,0.0,0.0,0.0,0.0,0.0,GO0004674@GO0030479@GO0006468@GO0007015@GO0000147@GO0000910@GO0030100
0.0,0.0,0.5,0.0,0.5,0.0,0.0,0.0,0.0,0.0,0.0,0.0,0.3333,0.0,0.0,0.0,0.0,0.0,0.0,0.0,0.0,GO0000030@GO0005794@GO0006487@GO0007047
0.0,0.0,0.5,0.0,0.5,0.0,0.0,0.0,0.0,0.0,0.0,0.0,0.3333,0.0,0.0,0.0,0.0,0.0,0.0,0.0,0.0,GO0008047@GO0000324@GO0005737@GO0016021@GO0006644@GO0000011
0.0,0.0,1.0,0.0,0.0,0.0,0.0,0.0,0.0,0.0,0.0,0.0,0.0,0.0,0.0,0.0,0.0,0.0,0.0,0.0,0.0,GO0004742@GO0005967@GO0005739@GO0006090
0.0,0.0,0.5,0.0,0.5,0.0,0.0,0.0,0.0,0.0,0.0,0.0,0.3333,0.0,0.0,0.0,0.0,0.0,0.0,0.0,0.0,GO0003735@GO0005763@GO0005739@GO0005737@GO0006412
0.0,0.0,0.0,0.0,0.0,0.0,0.0,0.0,0.0,0.0,0.0,0.0,0.6667,0.0,0.0,0.0,0.0,0.0,0.0,0.0,0.0,GO0005215@GO0005509@GO0005739@GO0005743@GO0006810
0.0,0.0,0.5,0.0,0.5,0.0,0.0,0.0,0.0,0.0,0.0,0.0,0.3333,0.0,0.0,0.0,0.0,0.0,0.0,0.0,0.0,GO0042393@GO0005634@GO0006348@GO0030466@GO0000335
0.0,0.0,0.5,0.0,0.5,0.0,0.0,0.0,0.0,0.0,0.0,0.0,0.3333,0.0,0.0,0.0,0.0,0.0,0.0,0.0,0.0,GO0003674@GO0000228@GO0006265@GO0007064@GO0000076
0.0,0.0,0.5,0.0,0.5,0.0,0.0,0.0,0.0,0.0,0.0,0.0,0.3333,0.0,0.0,0.0,0.0,0.0,0.0,0.0,0.0,GO0003887@GO0004652@GO0005634@GO0005730@GO0016075@GO0016076@GO0016077@GO0043630@GO0007064
0.0,0.0,0.0,0.0,0.0,0.0,0.0,0.0,0.0,0.0,0.0,0.0,0.0,0.0,0.0,0.0,0.0,0.0,0.0,0.0,0.0,GO0017120@GO0000329@GO0019898@GO0000753
0.0,0.0,1.0,0.0,0.0,0.0,0.0,0.0,0.0,0.0,0.0,0.0,0.0,0.0,0.0,0.0,0.0,0.0,0.0,0.0,0.0,GO0008519@GO0005739@GO0005886@GO0019740@GO0015696
0.0,0.0,0.5,0.0,0.5,0.0,0.0,0.0,0.0,0.0,0.0,0.0,0.3333,0.0,0.0,0.0,0.0,0.0,0.0,0.0,0.0,GO0004004@GO0030687@GO0005730@GO0006365@GO0000027@GO0042254
0.0,0.0,0.5,0.0,0.5,0.0,0.0,0.0,0.0,0.0,0.0,0.0,0.3333,0.0,0.0,0.0,0.0,0.0,0.0,0.0,0.0,GO0003674@GO0005792@GO0006904@GO0030437
0.0,0.0,0.5,0.0,0.5,0.0,0.0,0.0,0.0,0.0,0.0,0.0,0.3333,0.0,0.0,0.0,0.0,0.0,0.0,0.0,0.0,GO0000175@GO0030015@GO0005737@GO0006368@GO0000289@GO0006357
0.0,0.0,0.0,0.0,0.0,0.0,0.0,0.0,0.0,0.0,0.0,0.0,0.0,0.0,0.0,0.0,0.0,0.0,0.0,0.0,0.0,GO0003674@GO0005575@GO0008150
0.0,0.0,0.5,0.0,0.5,0.0,0.0,0.0,0.0,0.0,0.0,0.0,0.3333,0.0,0.0,0.0,0.0,0.0,0.0,0.0,0.0,GO0003674@GO0005739@GO0001302
0.0,0.0,0.0,0.0,0.0,0.0,0.0,0.0,0.0,0.0,0.0,0.0,0.0,0.0,0.0,0.0,0.0,0.0,0.0,0.0,0.0,GO0003674@GO0030915@GO0005634@GO0006281@GO0008283
0.0,0.0,0.5,0.0,0.5,0.0,0.0,0.0,0.0,0.0,0.0,0.0,0.3333,0.0,0.0,0.0,0.0,0.0,0.0,0.0,0.0,GO0004596@GO0031416@GO0017196@GO0000001@GO0007010
0.0,0.0,0.5,0.0,0.5,0.0,0.0,0.0,0.0,0.0,0.0,0.0,0.3333,0.0,0.0,0.0,0.0,0.0,0.0,0.0,0.0,GO0042162@GO0000784@GO0007131@GO0007129@GO0045141
0.0,0.0,0.0,0.0,0.0,0.0,0.0,0.0,0.0,0.0,0.0,0.0,0.0,0.0,0.0,0.0,0.0,0.0,0.0,0.0,0.0,GO0003674@GO0005778@GO0019395@GO0007031@GO0016559
0.0,0.0,0.0,0.0,0.0,0.0,0.0,0.0,0.0,0.0,0.0,0.0,0.6667,0.0,0.0,0.0,0.0,0.0,0.0,0.0,0.0,GO0016758@GO0005783@GO0006488
0.0,0.0,0.0,0.0,0.0,0.0,0.0,0.0,0.0,0.0,0.0,0.0,0.0,0.0,0.0,0.0,0.0,0.0,0.0,0.0,0.0,GO0003910@GO0005634@GO0006303
0.0,0.0,0.0,0.0,0.0,0.0,0.0,0.0,0.0,0.0,0.0,0.0,0.6667,0.0,0.0,0.0,0.0,0.0,0.0,0.0,0.0,GO0015071@GO0004741@GO0005739@GO0050790
0.0,0.0,0.5,0.0,0.5,0.0,0.0,0.0,0.0,0.0,0.0,0.0,0.3333,0.0,0.0,0.0,0.0,0.0,0.0,0.0,0.0,GO0016887@GO0005783@GO0007047
0.0,0.0,0.0,0.0,0.0,0.0,0.0,0.0,0.0,0.0,0.0,0.0,0.0,0.0,0.0,0.0,0.0,0.0,0.0,0.0,0.0,GO0000026@GO0005794@GO0000032@GO0006491@GO0006493
0.0,0.0,0.5,0.0,0.0,0.0,0.0,0.0,0.0,0.0,0.0,0.0,0.3333,0.0,0.0,0.0,0.0,0.0,0.0,0.0,0.0,GO0005100@GO0004871@GO0005622@GO0007264
0.0,0.0,1.0,0.0,1.0,0.0,0.0,0.0,0.0,0.0,0.0,0.0,0.0,0.0,0.0,0.0,0.0,0.0,0.0,0.0,0.0,GO0017050@GO0005783@GO0005794@GO0005624@GO0005625@GO0005886@GO0006665@GO0019722
0.0,0.0,0.5,0.0,0.5,0.0,0.0,0.0,0.0,0.0,0.0,0.0,0.3333,0.0,0.0,0.0,0.0,0.0,0.0,0.0,0.0,GO0008028@GO0032217@GO0005886@GO0032218
0.0,0.0,0.0,0.0,0.0,0.0,0.0,0.0,0.0,0.0,0.0,0.0,0.0,0.0,0.0,0.0,0.0,0.0,0.0,0.0,0.0,GO0003674@GO0005783@GO0006888
0.0,0.0,0.0,0.0,0.0,0.0,0.0,0.0,0.0,0.0,0.0,0.0,0.0,0.0,0.0,0.0,0.0,0.0,0.0,0.0,0.0,GO0003895@GO0005739@GO0006264
0.0,0.0,0.0,0.0,0.0,0.0,0.0,0.0,0.0,0.0,0.0,0.0,0.6667,0.0,0.0,0.0,0.0,0.0,0.0,0.0,0.0,GO0003887@GO0017125@GO0005634@GO0005739@GO0006261@GO0006280@GO0006281
0.0,0.0,0.5,0.0,0.5,0.0,0.0,0.0,0.0,0.0,0.0,0.0,0.3333,0.0,0.0,0.0,0.0,0.0,0.0,0.0,0.0,GO0003674@GO0030897@GO0000329@GO0042144@GO0006623@GO0006895@GO0045324
0.0,0.0,1.0,0.0,1.0,0.0,0.0,0.0,0.0,0.0,0.0,0.0,0.0,0.0,0.0,0.0,0.0,0.0,0.0,0.0,0.0,GO0004028@GO0005739@GO0005737@GO0005829@GO0019413
0.0,0.0,0.0,0.0,1.0,0.0,0.0,0.0,0.0,0.0,0.0,0.0,0.6667,0.0,0.0,0.0,0.0,0.0,0.0,0.0,0.0,GO0016887@GO0000182@GO0017025@GO0005739@GO0000228@GO0006365@GO0042790@GO0006357@GO0045898
0.0,0.0,0.5,0.0,0.0,0.0,0.0,0.0,0.0,0.0,0.0,0.0,0.3333,0.0,0.0,0.0,0.0,0.0,0.0,0.0,0.0,GO0003674@GO0005840@GO0005739@GO0005737@GO0008150
0.0,0.0,0.0,0.0,0.0,0.0,0.0,0.0,0.0,0.0,0.0,0.0,0.0,0.0,0.0,0.0,0.0,0.0,0.0,0.0,0.0,GO0003674@GO0005624@GO0006914@GO0006623
0.0,0.0,0.0,0.0,0.0,0.0,0.0,0.0,0.0,0.0,0.0,0.0,0.0,0.0,0.0,0.0,0.0,0.0,0.0,0.0,0.0,GO0004708@GO0005622@GO0006468@GO0007165
0.0,0.0,0.0,0.0,0.0,0.0,0.0,0.0,0.0,0.0,0.0,0.0,0.0,0.0,0.0,0.0,0.0,0.0,0.0,0.0,0.0,GO0004196@GO0000328@GO0005739@GO0000324@GO0007039@GO0016237@GO0009267@GO0030435
0.0,0.0,0.0,0.0,0.0,0.0,0.0,0.0,0.0,0.0,0.0,0.0,0.6667,0.0,0.0,0.0,0.0,0.0,0.0,0.0,0.0,GO0003674@GO0005737@GO0009269
0.0,0.0,0.0,0.0,1.0,0.0,0.0,0.0,0.0,0.0,0.0,0.0,0.6667,0.0,0.0,0.0,0.0,0.0,0.0,0.0,0.0,GO0008092@GO0000142@GO0007015@GO0000910@GO0006970
0.0,0.0,0.0,0.0,0.0,0.0,0.0,0.0,0.0,0.0,0.0,0.0,0.0,0.0,0.0,0.0,0.0,0.0,0.0,0.0,0.0,GO0003700@GO0016563@GO0005634@GO0006012@GO0000411
0.0,0.0,0.0,0.0,0.0,0.0,0.0,0.0,0.0,0.0,0.0,0.0,0.0,0.0,0.0,0.0,0.0,0.0,0.0,0.0,0.0,GO0004435@GO0005634@GO0000778@GO0007165@GO0042144@GO0007124@GO0019220
0.0,0.0,0.0,0.0,0.0,0.0,0.0,0.0,0.0,0.0,0.0,0.0,0.0,0.0,0.0,0.0,0.0,0.0,0.0,0.0,0.0,GO0009055@GO0005739@GO0008150
0.0,0.0,0.0,0.0,0.0,0.0,0.0,0.0,0.0,0.0,0.0,0.0,0.6667,0.0,0.0,0.0,0.0,0.0,0.0,0.0,0.0,GO0004826@GO0005739@GO0006412
0.0,0.0,0.0,0.0,0.0,0.0,0.0,0.0,0.0,0.0,0.0,0.0,0.0,0.0,0.0,0.0,0.0,0.0,0.0,0.0,0.0,GO0003674@GO0005575@GO0008150
0.0,0.0,0.0,0.0,0.0,0.0,0.0,0.0,0.0,0.0,0.0,0.0,0.0,0.0,0.0,0.0,0.0,0.0,0.0,0.0,0.0,GO0005086@GO0005739@GO0016192@GO0045045
0.0,0.0,0.0,0.0,0.0,0.0,0.0,0.0,0.0,0.0,0.0,0.0,0.0,0.0,0.0,0.0,0.0,0.0,0.5,0.0,0.0,GO0003735@GO0005843@GO0006412@GO0000723@GO0006450
0.0,0.0,0.0,0.0,0.0,0.0,0.0,0.0,0.0,0.0,0.0,0.0,0.0,0.0,0.0,0.0,0.0,0.0,0.0,0.0,0.0,GO0008519@GO0005886@GO0019740@GO0015696
0.0,0.0,0.0,0.0,1.0,0.0,0.0,0.0,0.0,0.0,0.0,0.0,0.6667,0.0,0.0,0.0,0.0,0.0,0.0,0.0,0.0,GO0004693@GO0005634@GO0006468@GO0006350
0.0,0.0,0.0,0.0,0.0,0.0,0.0,0.0,0.0,0.0,0.0,0.0,0.0,0.0,0.0,0.0,0.0,0.0,0.0,0.0,0.0,GO0030371@GO0005634@GO0005737@GO0006402@GO0043330
0.0,0.0,0.0,0.0,0.0,0.0,0.0,0.0,0.0,0.0,0.0,0.0,0.0,0.0,0.0,0.0,0.0,0.0,0.0,0.0,0.0,GO0004123@GO0005737@GO0019346@GO0042493
0.0,0.0,0.5,0.0,0.0,0.0,0.0,0.0,0.0,0.0,0.0,0.0,0.3333,0.0,0.0,0.0,0.0,0.0,0.0,0.0,0.0,GO0004743@GO0005829@GO0006096@GO0006090
0.0,0.0,0.0,0.0,0.0,0.0,0.0,0.0,0.0,0.0,0.0,0.0,0.0,0.0,0.0,0.0,0.0,0.0,0.0,0.0,0.0,GO0000721@GO0005737@GO0019650
0.0,0.0,1.0,0.0,1.0,0.0,0.0,0.0,0.0,0.0,0.0,0.0,0.0,0.0,0.0,0.0,0.0,0.0,0.0,0.0,0.0,GO0005498@GO0008142@GO0005545@GO0005635@GO0005769@GO0005783@GO0000138@GO0030469@GO0006897@GO0015918@GO0006887
0.0,0.0,0.5,0.0,0.5,0.0,0.0,0.0,0.0,0.0,0.0,0.0,0.3333,0.0,0.0,0.0,0.0,0.0,0.0,0.0,0.0,GO0015213@GO0005886@GO0015862
0.0,0.0,0.5,0.0,0.5,0.0,0.0,0.0,0.0,0.0,0.0,0.0,0.3333,0.0,0.0,0.0,0.0,0.0,0.0,0.0,0.0,GO0003674@GO0005575@GO0008150
0.0,0.0,0.0,0.0,0.0,0.0,0.0,0.0,0.0,0.0,0.0,0.0,0.0,0.0,0.0,0.0,0.0,0.0,0.0,0.0,0.0,GO0003704@GO0005634@GO0001403@GO0007124@GO0045944
0.0,0.0,0.0,0.0,0.0,0.0,0.0,0.0,0.0,0.0,0.0,0.0,0.0,0.0,0.0,0.0,0.0,0.0,0.0,0.0,0.0,GO0015171@GO0015203@GO0015226@GO0005774@GO0005789@GO0005887@GO0006631@GO0000723@GO0006970@GO0006865@GO0015846@GO0015879
0.0,0.0,0.0,0.0,1.0,0.0,0.0,0.0,0.0,0.0,0.0,0.0,0.6667,0.0,0.0,0.0,0.0,0.0,0.5,0.0,0.0,GO0016149@GO0018444@GO0005829@GO0006415@GO0000910
0.0,0.0,0.5,0.0,0.5,0.0,0.0,0.0,0.0,0.0,0.0,0.0,0.3333,0.0,0.0,0.0,0.0,0.0,0.0,0.0,0.0,GO0003674@GO0005739@GO0005743@GO0009060@GO0007007
0.0,0.0,0.5,0.0,0.5,0.0,0.0,0.0,0.0,0.0,0.0,0.0,0.3333,0.0,0.0,0.0,0.0,0.0,0.0,0.0,0.0,GO0005524@GO0051082@GO0005739@GO0005759@GO0008150
0.0,0.0,0.0,0.0,0.0,0.0,0.0,0.0,0.0,0.0,0.0,0.0,0.0,0.0,0.0,0.0,0.0,0.0,0.0,0.0,0.0,GO0004372@GO0005739@GO0006730
0.0,0.0,0.5,0.0,0.5,0.0,0.0,0.0,1.0,0.0,0.0,0.0,0.3333,0.0,0.0,0.0,0.0,0.0,0.0,1.0,0.0,GO0042626@GO0005783@GO0005737@GO0016021@GO0006810
0.0,0.0,0.0,0.0,0.0,0.0,0.0,0.0,0.0,0.0,0.0,0.0,0.3333,0.0,0.0,0.0,0.0,0.0,0.0,0.0,0.0,GO0008236@GO0005575@GO0008150
0.0,0.0,0.0,0.0,1.0,0.0,0.0,0.0,0.0,0.0,0.0,0.0,0.6667,0.0,0.0,0.0,0.0,0.0,0.0,0.0,0.0,GO0003700@GO0016563@GO0005838@GO0000723@GO0000086@GO0046685@GO0045732@GO0045941@GO0045739
0.0,0.0,1.0,0.0,1.0,0.0,0.0,0.0,0.0,0.0,0.0,0.0,0.6667,0.0,0.0,0.0,0.0,0.0,0.0,0.0,0.0,GO0004004@GO0005730@GO0006365@GO0000027@GO0042254
0.0,0.0,0.5,0.0,0.0,0.0,0.0,0.0,0.0,0.0,0.0,0.0,0.3333,0.0,0.0,0.0,0.0,0.0,0.0,0.0,0.0,GO0003674@GO0005575@GO0006629
0.0,0.0,0.5,0.0,0.5,0.0,0.0,0.0,0.0,0.0,0.0,0.0,0.3333,0.0,0.0,0.0,0.0,0.0,0.0,0.0,0.0,GO0015085@GO0000324@GO0006874@GO0006828@GO0006816
0.0,0.0,0.5,0.0,0.5,0.0,0.0,0.0,0.0,0.0,0.0,0.0,0.3333,0.0,0.0,0.0,0.0,0.0,0.0,0.0,0.0,GO0018456@GO0005575@GO0006081
0.0,0.0,0.5,0.0,0.5,0.0,0.0,0.0,0.0,0.0,0.0,0.0,0.3333,0.0,0.0,0.0,0.0,0.0,0.0,0.0,0.0,GO0016772@GO0005624@GO0030148@GO0006676
0.0,0.0,0.0,0.0,0.0,0.0,0.0,0.0,0.0,0.0,0.0,0.0,0.0,0.0,0.0,0.0,0.0,0.0,0.0,0.0,0.0,GO0003677@GO0005515@GO0005634@GO0005977@GO0001402@GO0007265@GO0007124@GO0051436@GO0000077@GO0030437
0.0,0.0,0.0,0.0,0.0,0.0,0.0,0.0,0.0,0.0,0.0,0.0,0.0,0.0,0.0,0.0,0.0,0.0,0.0,0.0,0.0,GO0003674@GO0005737@GO0008150
0.0,0.0,0.0,0.0,1.0,0.0,0.0,0.0,0.0,0.0,0.0,0.0,0.6667,0.0,0.0,0.0,0.0,0.0,0.0,0.0,0.0,GO0005198@GO0000812@GO0005634@GO0043486
0.0,0.0,0.5,0.0,0.5,0.0,0.0,0.0,0.0,0.0,0.0,1.0,0.3333,0.0,0.0,0.0,0.0,0.0,0.0,0.0,0.0,GO0004791@GO0005737@GO0006979@GO0030503
0.0,0.0,0.0,0.0,0.0,0.0,0.0,0.0,0.0,0.0,0.0,0.0,0.0,0.0,0.0,0.0,0.0,0.0,0.0,0.0,0.0,GO0043130@GO0005802@GO0043328@GO0006895@GO0006896
0.0,0.0,0.0,0.0,0.0,0.0,0.0,0.0,0.0,0.0,0.0,0.0,0.0,0.0,0.0,0.0,0.0,0.0,0.0,0.0,0.0,GO0008143@GO0005634@GO0005737@GO0007124@GO0006406
0.0,0.0,1.0,0.0,1.0,0.0,0.0,0.0,0.0,0.0,0.0,0.0,0.6667,0.0,0.0,0.0,0.0,0.0,0.0,0.0,0.0,GO0003713@GO0000124@GO0005671@GO0046695@GO0016573
0.0,0.0,0.0,0.0,0.0,0.0,0.0,0.0,0.0,0.0,0.0,0.0,0.0,0.0,0.0,0.0,0.0,0.0,0.0,0.0,0.0,GO0004458@GO0005625@GO0005737@GO0006089
0.0,0.0,0.0,0.0,0.0,0.0,0.0,0.0,0.0,0.0,0.0,0.0,0.0,0.0,0.0,0.0,0.0,0.0,0.0,0.0,0.0,GO0004092@GO0005737@GO0009437@GO0006066
0.0,0.0,1.0,0.0,0.0,0.0,0.0,0.0,0.0,0.0,0.0,0.0,0.0,0.0,0.0,0.0,0.0,0.0,0.0,0.0,0.0,GO0005198@GO0005643@GO0006999@GO0006607@GO0006608@GO0006609@GO0006610@GO0006611@GO0006406@GO0006407@GO0006408@GO0006409
0.0,0.0,1.0,0.0,1.0,0.0,0.0,0.0,0.0,0.0,0.0,0.0,0.0,0.0,0.0,0.0,0.0,0.0,0.0,0.0,0.0,GO0004721@GO0030869@GO0005634@GO0005730@GO0005816@GO0006470@GO0007096
0.0,0.0,1.0,0.0,0.0,0.0,0.0,0.0,0.0,0.0,0.0,0.0,0.6667,0.0,0.0,0.0,0.0,0.0,0.0,0.0,0.0,GO0000252@GO0005783@GO0005789@GO0006696
0.0,0.0,0.0,0.0,1.0,0.0,0.0,0.0,0.0,0.0,0.0,0.0,0.0,0.0,0.0,0.0,0.0,0.0,0.0,0.0,0.0,GO0008047@GO0005680@GO0005634@GO0005737@GO0016567@GO0000022@GO0000070@GO0000723@GO0007091@GO0007092@GO0008361
0.0,0.0,0.0,0.0,0.0,0.0,0.0,0.0,0.0,0.0,0.0,0.0,0.0,0.0,0.0,0.0,0.0,0.0,0.0,0.0,0.0,GO0051087@GO0005739@GO0009060@GO0016226
0.0,0.0,0.5,0.0,0.5,0.0,0.0,0.0,0.0,0.0,0.0,0.0,0.3333,0.0,0.0,0.0,0.0,0.0,0.0,0.0,0.0,GO0004842@GO0005634@GO0005737@GO0000209@GO0006513
0.0,0.0,0.5,0.0,0.5,0.0,0.0,0.0,0.0,0.0,0.0,0.0,0.3333,0.0,0.0,0.0,0.0,0.0,0.0,0.0,0.0,GO0017136@GO0045129@GO0000118@GO0016575@GO0045835@GO0006355
0.0,0.0,0.5,0.0,0.0,0.0,0.0,0.0,0.0,0.0,0.0,0.0,0.3333,0.0,0.0,0.0,0.0,0.0,0.0,0.0,0.0,GO0008793@GO0005737@GO0009072
0.0,0.0,0.0,0.0,1.0,0.0,0.0,0.0,0.0,0.0,0.0,0.0,0.0,0.0,0.0,0.0,0.0,0.0,0.0,0.0,0.0,GO0003674@GO0005634@GO0005737@GO0007039@GO0043161@GO0045721@GO0006808
0.0,0.0,0.5,0.0,0.5,0.0,0.0,0.0,0.0,0.0,0.0,0.0,0.3333,0.0,0.0,0.0,0.0,0.0,0.0,0.0,0.0,GO0016462@GO0030176@GO0008610@GO0006487@GO0000723
0.0,0.0,0.0,0.0,1.0,0.0,0.0,0.0,0.0,0.0,0.0,0.0,0.0,0.0,0.0,0.0,0.0,0.0,0.0,0.0,0.0,GO0031202@GO0046540@GO0005739@GO0000398
0.0,0.0,0.5,0.0,0.5,0.0,0.0,0.0,0.0,0.0,0.0,0.0,0.3333,0.0,0.0,0.0,0.0,0.0,0.0,0.0,0.0,GO0008320@GO0005634@GO0006611@GO0006406@GO0000055
0.0,0.0,0.0,0.0,0.0,0.0,0.0,0.0,0.0,0.0,0.0,0.0,0.0,0.0,0.0,0.0,0.0,0.0,0.0,0.0,0.0,GO0008028@GO0000324@GO0015718
0.0,0.0,0.5,0.0,0.5,0.0,0.0,0.0,0.0,0.0,0.0,0.0,0.3333,0.0,0.0,0.0,0.0,0.0,0.0,0.0,0.0,GO0003674@GO0005575@GO0007047
0.0,0.0,0.0,0.0,1.0,0.0,0.0,0.0,0.0,0.0,0.0,0.0,0.0,0.0,0.0,0.0,0.0,0.0,0.0,0.0,0.0,GO0003700@GO0000156@GO0005634@GO0006350@GO0000304@GO0006970@GO0008361
0.0,0.0,0.0,0.0,0.0,0.0,0.0,0.0,0.0,0.0,0.0,0.0,0.0,0.0,0.0,0.0,0.0,0.0,0.0,0.0,0.0,GO0047046@GO0005739@GO0009085
0.0,0.0,0.0,0.0,0.0,0.0,0.0,0.0,0.0,0.0,0.0,0.0,0.0,0.0,0.0,0.0,0.0,0.0,0.0,0.0,0.0,GO0003674@GO0009277@GO0000226
0.0,0.0,0.5,0.0,0.5,0.0,0.0,0.0,0.0,0.0,0.0,0.0,0.3333,0.0,0.0,0.0,0.0,0.0,0.0,0.0,0.0,GO0008251@GO0005634@GO0005737@GO0006400
0.0,0.0,1.0,0.0,1.0,0.0,0.0,0.0,0.0,0.0,0.0,0.0,0.0,0.0,0.0,0.0,0.0,0.0,0.0,0.0,0.0,GO0005200@GO0005874@GO0007047@GO0007026
0.0,0.0,1.0,0.0,1.0,0.0,0.0,0.0,0.0,0.0,0.0,0.0,0.0,0.0,0.0,0.0,0.0,0.0,0.0,0.0,0.0,GO0003674@GO0009277@GO0008150
0.0,0.0,0.0,0.0,0.0,0.0,0.0,0.0,0.0,0.0,0.0,0.0,0.0,0.0,0.0,0.0,0.0,0.0,0.0,0.0,0.0,GO0003746@GO0005739@GO0006414
0.0,0.0,1.0,0.0,1.0,0.0,0.0,0.0,0.0,0.0,0.0,0.0,0.0,0.0,0.0,0.0,0.0,0.0,0.0,0.0,0.0,GO0003743@GO0005840@GO0005850@GO0043614@GO0005737@GO0006413
0.0,0.0,0.0,0.0,0.0,0.0,0.0,0.0,0.0,0.0,0.0,0.0,0.0,0.0,0.0,0.0,0.0,0.0,0.0,0.0,0.0,GO0000334@GO0005737@GO0009435
0.0,0.0,0.0,0.0,0.0,0.0,0.0,0.0,0.0,0.0,0.0,0.0,0.0,0.0,0.0,0.0,0.0,0.0,0.0,0.0,0.0,GO0003700@GO0005634@GO0045449
0.0,0.0,0.0,0.0,0.0,0.0,0.0,0.0,0.0,0.0,0.0,0.0,0.0,0.0,0.0,0.0,0.0,0.0,0.0,0.0,0.0,GO0003704@GO0016563@GO0005634@GO0006562@GO0045944
0.0,0.0,0.5,0.0,0.5,0.0,0.0,0.0,0.0,0.0,0.0,0.0,0.3333,0.0,0.0,0.0,0.0,0.0,0.0,0.0,0.0,GO0016303@GO0004674@GO0005515@GO0031931@GO0031932@GO0005739@GO0005774@GO0005886@GO0031234@GO0007266@GO0030037@GO0030950@GO0042254@GO0006897@GO0000080@GO0000074@GO0001558
0.0,0.0,0.0,0.0,0.0,0.0,0.0,0.0,0.0,0.0,0.0,0.0,0.0,0.0,0.0,0.0,0.0,0.0,0.0,0.0,0.0,GO0004364@GO0005737@GO0006749@GO0007047
0.0,0.0,0.0,0.0,0.0,0.0,0.0,0.0,0.0,0.0,0.0,0.0,0.0,0.0,0.0,0.0,0.0,0.0,0.0,0.0,0.0,GO0015250@GO0005789@GO0005886@GO0006833
0.0,0.0,0.0,0.0,0.0,0.0,0.0,0.0,0.0,0.0,0.0,0.0,0.0,0.0,0.0,0.0,0.0,0.0,0.0,0.0,0.0,GO0008408@GO0005739@GO0006396
0.0,0.0,0.5,0.0,0.5,0.0,0.0,0.0,0.0,0.0,0.0,0.0,0.3333,0.0,0.0,0.0,0.0,0.0,0.0,0.0,0.0,GO0046526@GO0005575@GO0005996
0.0,0.0,0.5,0.0,0.5,0.0,0.0,0.0,0.0,0.0,0.0,0.0,0.3333,0.0,0.0,0.0,0.0,0.0,0.0,0.0,0.0,GO0004842@GO0005515@GO0005680@GO0008054@GO0031145@GO0016567@GO0000022@GO0000070@GO0007091
0.0,0.0,1.0,0.0,0.0,0.0,0.0,0.0,0.0,0.0,0.0,0.0,0.0,0.0,0.0,0.0,0.0,0.0,0.0,0.0,0.0,GO0004707@GO0005634@GO0005737@GO0006468@GO0007231@GO0006972@GO0046685@GO0046020@GO0045944
0.0,0.0,0.5,0.0,0.5,0.0,0.0,0.0,0.0,0.0,0.0,0.0,0.3333,0.0,0.0,0.0,0.0,0.0,0.0,0.0,0.0,GO0016462@GO0005777@GO0008150
0.0,0.0,0.0,0.0,0.0,0.0,0.0,0.0,0.0,0.0,0.0,0.0,0.0,0.0,0.0,0.0,0.0,0.0,0.0,0.0,0.0,GO0005515@GO0005634@GO0000794@GO0042138@GO0007131
0.0,0.0,0.5,0.0,0.0,0.0,0.0,0.0,0.0,0.0,0.0,0.0,0.3333,0.0,0.0,0.0,0.0,0.0,0.0,0.0,0.0,GO0003735@GO0005843@GO0006412
0.0,0.0,0.0,0.0,0.0,0.0,0.0,0.0,0.0,0.0,0.0,0.0,0.0,0.0,0.0,0.0,0.0,0.0,0.0,0.0,0.0,GO0019789@GO0000228@GO0016925@GO0007129@GO0007130
0.0,0.0,0.5,0.0,1.0,0.0,0.0,0.0,0.0,0.0,0.0,0.0,0.3333,0.0,0.0,0.0,0.0,0.0,0.0,0.0,0.0,GO0005200@GO0045298@GO0005880@GO0005816@GO0005827@GO0005828@GO0005881@GO0000743@GO0000070@GO0045143
0.0,0.0,0.0,0.0,0.0,0.0,0.0,0.0,0.0,0.0,0.0,0.0,0.0,0.0,0.0,0.0,0.0,0.0,0.0,0.0,0.0,GO0004244@GO0042720@GO0006627
0.0,0.0,1.0,0.0,1.0,0.0,0.0,0.0,0.0,0.0,0.0,0.0,0.6667,0.0,0.0,0.0,0.0,0.0,0.0,0.0,0.0,GO0003984@GO0050660@GO0005948@GO0005739@GO0009082
0.0,0.0,0.0,0.0,0.0,0.0,0.0,0.0,0.0,0.0,0.0,0.0,0.0,0.0,0.0,0.0,0.0,0.0,0.0,0.0,0.0,GO0003674@GO0005730@GO0042254
0.0,0.0,0.0,0.0,0.0,0.0,0.0,0.0,0.0,0.0,0.0,0.0,0.0,0.0,0.0,0.0,0.0,0.0,0.0,0.0,0.0,GO0003924@GO0016887@GO0005737@GO0006281
0.0,0.0,0.0,0.0,0.0,0.0,0.0,0.0,0.0,0.0,0.0,0.0,0.0,0.0,0.0,0.0,0.0,0.0,0.0,0.0,0.0,GO0004450@GO0005739@GO0005777@GO0005737@GO0006102@GO0006635@GO0006740
0.0,0.0,0.5,0.0,0.0,0.0,0.0,0.0,0.0,0.0,0.0,0.0,0.3333,0.0,0.0,0.0,0.0,0.0,0.0,0.0,0.0,GO0003674@GO0005730@GO0042254
0.0,0.0,0.5,0.0,1.0,0.0,0.0,0.0,0.0,0.0,0.0,0.0,0.3333,0.0,0.0,0.0,0.0,0.0,0.0,0.0,0.0,GO0008017@GO0043014@GO0005634@GO0005737@GO0007023@GO0007024
0.0,0.0,0.5,0.0,0.5,0.0,0.0,0.0,0.0,0.0,0.0,0.0,0.3333,0.0,0.0,0.0,0.0,0.0,0.0,0.0,0.0,GO0003723@GO0005730@GO0005654@GO0042254
0.0,0.0,1.0,0.0,1.0,0.0,0.0,0.0,0.0,0.0,0.0,0.0,0.6667,0.0,0.0,0.0,0.0,0.0,0.0,0.0,0.0,GO0000175@GO0000176@GO0000177@GO0006402@GO0006365@GO0043330
0.0,0.0,0.5,0.0,0.5,0.0,0.0,0.0,0.0,0.0,0.0,0.0,0.3333,0.0,0.0,0.0,0.0,0.0,0.0,0.0,0.0,GO0015174@GO0005886@GO0015802
0.0,0.0,0.5,0.0,0.5,0.0,0.0,0.0,0.0,0.0,0.0,0.0,0.3333,0.0,0.0,0.0,0.0,0.0,0.0,0.0,0.0,GO0050613@GO0005783@GO0006696
0.0,0.0,0.5,0.0,0.5,0.0,0.0,0.0,0.0,0.0,0.0,0.0,0.3333,0.0,0.0,0.0,0.0,0.0,0.0,0.0,0.0,GO0016887@GO0005777@GO0005625@GO0005737@GO0007031
0.0,0.0,0.0,0.0,0.0,0.0,0.0,0.0,0.0,0.0,0.0,0.0,0.6667,0.0,0.0,0.0,0.0,0.0,0.0,0.0,0.0,GO0005515@GO0032266@GO0005768@GO0006605@GO0016197@GO0045053
0.0,0.0,0.5,0.0,0.5,0.0,0.0,0.0,0.0,0.0,0.0,0.0,0.3333,0.0,0.0,0.0,0.0,0.0,0.0,0.0,0.0,GO0003755@GO0000324@GO0008150
0.0,0.0,0.0,0.0,0.0,0.0,0.0,0.0,0.0,0.0,0.0,0.0,0.0,0.0,0.0,0.0,0.0,0.0,0.0,0.0,0.0,GO0045182@GO0005739@GO0005743@GO0006412
0.0,0.0,1.0,0.0,1.0,0.0,0.0,0.0,0.0,0.0,0.0,0.0,0.6667,0.0,0.0,0.0,0.0,0.0,0.0,0.0,0.0,GO0003682@GO0005678@GO0000790@GO0030466@GO0006357
0.0,0.0,1.0,0.0,0.0,0.0,0.0,0.0,0.0,0.0,0.0,0.0,0.6667,0.0,0.0,0.0,0.0,0.0,0.0,0.0,0.0,GO0005099@GO0005739@GO0005737@GO0046580@GO0006950@GO0030818@GO0032320
0.0,0.0,0.5,0.0,0.5,0.0,0.0,0.0,0.0,0.0,0.0,0.0,0.3333,0.0,0.0,0.0,0.0,0.0,0.0,0.0,0.0,GO0016455@GO0000119@GO0006366
0.0,0.0,0.0,0.0,0.0,0.0,0.0,0.0,0.0,0.0,0.0,0.0,0.0,0.0,0.0,0.0,0.0,0.0,0.0,0.0,0.0,GO0004406@GO0035064@GO0033100@GO0016573
0.0,0.0,0.0,0.0,0.0,0.0,0.0,0.0,0.0,0.0,0.0,0.0,0.6667,0.0,0.0,0.0,0.0,0.0,0.0,0.0,0.0,GO0003746@GO0005840@GO0006414
0.0,0.0,0.0,0.0,0.0,0.0,0.0,0.0,0.0,0.0,0.0,0.0,0.6667,0.0,0.0,0.0,0.0,0.0,0.0,0.0,0.0,GO0003735@GO0005762@GO0005739@GO0006412@GO0000027
0.0,0.0,0.0,0.0,1.0,0.0,0.0,0.0,0.0,0.0,0.0,0.0,0.0,0.0,0.0,0.0,0.0,0.0,0.0,0.0,0.0,GO0008559@GO0005739@GO0005886@GO0042493@GO0015893
0.0,0.0,0.0,0.0,0.0,0.0,0.0,0.0,0.0,0.0,0.0,0.0,0.0,0.0,0.0,0.0,0.0,0.0,0.0,0.0,0.0,GO0019789@GO0005634@GO0000790@GO0005737@GO0016925@GO0007059@GO0000723@GO0030261
0.0,0.0,0.0,0.0,1.0,0.0,0.0,0.0,0.0,0.0,0.0,0.0,0.6667,0.0,0.0,0.0,0.0,0.0,0.0,0.0,0.0,GO0004516@GO0005634@GO0000183@GO0006348@GO0019358@GO0001302
0.0,0.0,1.0,0.0,0.0,0.0,0.0,0.0,0.0,0.0,0.0,0.0,0.0,0.0,0.0,0.0,0.0,0.0,0.0,0.0,0.0,GO0004406@GO0000784@GO0000790@GO0006348
0.0,0.0,1.0,0.0,0.0,0.0,0.0,0.0,0.0,0.0,0.0,0.0,0.6667,0.0,0.0,0.0,0.0,0.0,0.0,0.0,0.0,GO0008094@GO0016251@GO0016514@GO0006302@GO0006338
0.0,0.0,0.0,0.0,0.0,0.0,0.0,0.0,0.0,0.0,0.0,0.0,0.0,0.0,0.0,0.0,0.0,0.0,0.0,0.0,0.0,GO0017136@GO0005737@GO0000183@GO0001300@GO0045950@GO0031939
0.0,0.0,0.0,0.0,0.0,0.0,0.0,0.0,0.0,0.0,0.0,0.0,0.0,0.0,0.0,0.0,0.0,0.0,0.0,0.0,0.0,GO0003674@GO0005768@GO0005624@GO0005737@GO0006511@GO0016579@GO0007584@GO0000723@GO0043328
0.0,0.0,0.5,0.0,0.0,0.0,0.0,0.0,0.0,0.0,0.0,0.0,0.3333,0.0,0.0,0.0,0.0,0.0,0.0,0.0,0.0,GO0005525@GO0005634@GO0005739@GO0005730@GO0005737@GO0006365@GO0042255
0.0,0.0,0.0,0.0,0.0,0.0,0.0,0.0,0.0,0.0,0.0,0.0,0.0,0.0,0.0,0.0,0.0,0.0,0.0,0.0,0.0,GO0003674@GO0005575@GO0008150
0.0,0.0,0.0,0.0,1.0,0.0,0.0,0.0,0.0,0.0,0.0,0.0,0.6667,0.0,0.0,0.0,0.0,0.0,0.0,0.0,0.0,GO0003674@GO0005575@GO0007017
0.0,0.0,0.0,0.0,0.0,0.0,0.0,0.0,0.0,0.0,0.0,0.0,0.6667,0.0,0.0,0.0,0.0,0.0,0.0,0.0,0.0,GO0004842@GO0000175@GO0030015@GO0005737@GO0016567@GO0006368@GO0000289@GO0006357
0.0,0.0,0.0,0.0,0.0,0.0,0.0,0.0,0.0,0.0,0.0,0.0,0.0,0.0,0.0,0.0,0.0,0.0,0.0,0.0,0.0,GO0003674@GO0005739@GO0005783@GO0005886@GO0005737@GO0016021@GO0009306
0.0,0.0,0.0,0.0,0.0,0.0,0.0,0.0,0.0,0.0,0.0,0.0,0.0,0.0,0.0,0.0,0.0,0.0,0.0,0.0,0.0,GO0000146@GO0051015@GO0031475@GO0031941@GO0005739@GO0005933@GO0007534@GO0048309@GO0008298
0.0,0.0,0.0,0.0,0.0,0.0,0.0,0.0,0.0,0.0,0.0,0.0,0.0,0.0,0.0,0.0,0.0,0.0,0.0,0.0,0.0,GO0004092@GO0005739@GO0009437@GO0006066
0.0,0.0,0.0,0.0,0.0,0.0,0.0,0.0,0.0,0.0,0.0,0.0,0.0,0.0,0.0,0.0,0.0,0.0,0.5,0.0,0.0,GO0016428@GO0005634@GO0030488@GO0042254
0.0,0.0,1.0,0.0,0.0,0.0,0.0,0.0,0.0,0.0,0.0,0.0,0.6667,0.0,0.0,0.0,0.0,0.0,0.0,0.0,0.0,GO0003674@GO0005634@GO0005737@GO0042254
0.0,0.0,0.0,0.0,0.0,0.0,0.0,0.0,0.0,0.0,0.0,0.0,0.0,0.0,0.0,0.0,0.0,0.0,0.0,0.0,0.0,GO0004843@GO0005575@GO0008150
0.0,0.0,0.0,0.0,0.0,0.0,0.0,0.0,0.0,0.0,0.0,0.0,0.0,0.0,0.0,0.0,0.0,0.0,0.0,0.0,0.0,GO0005198@GO0005643@GO0000059@GO0007059@GO0006999@GO0006607@GO0006608@GO0006609@GO0006610@GO0006611@GO0006406@GO0006407@GO0006408@GO0006409
0.0,0.0,1.0,0.0,1.0,0.0,0.0,0.0,0.0,0.0,0.0,0.0,0.0,0.0,0.0,0.0,0.0,0.0,0.0,0.0,0.0,GO0046933@GO0005754@GO0005739@GO0042645@GO0015986
0.0,0.0,0.5,0.0,0.5,0.0,0.0,0.0,0.0,0.0,0.0,1.0,0.3333,0.0,0.0,0.0,0.0,0.0,0.0,0.0,0.0,GO0008977@GO0005737@GO0006570
0.0,0.0,0.0,0.0,1.0,0.0,0.0,0.0,0.0,0.0,0.0,0.0,0.6667,0.0,0.0,0.0,0.0,0.0,0.0,0.0,0.0,GO0004347@GO0005739@GO0005829@GO0006096@GO0006098@GO0006094
0.0,0.0,0.0,0.0,0.0,0.0,0.0,0.0,0.0,0.0,0.0,0.0,0.0,0.0,0.0,0.0,0.0,0.0,0.0,0.0,0.0,GO0004039@GO0004847@GO0005737@GO0000256@GO0019627
0.0,0.0,0.0,0.0,0.0,0.0,0.0,0.0,0.0,0.0,0.0,0.0,0.0,0.0,0.0,0.0,0.0,0.0,0.0,0.0,0.0,GO0003697@GO0003723@GO0045182@GO0000932@GO0005737@GO0048471@GO0007005@GO0040008
0.0,0.0,0.5,0.0,0.0,0.0,0.0,0.0,0.0,0.0,0.0,0.0,0.3333,0.0,0.0,0.0,0.0,0.0,0.0,0.0,0.0,GO0015116@GO0005886@GO0008272
0.0,0.0,0.0,0.0,0.0,0.0,0.0,0.0,0.0,0.0,0.0,0.0,0.0,0.0,0.0,0.0,0.0,0.0,0.0,0.0,0.0,GO0004816@GO0005739@GO0006412
0.0,0.0,0.0,0.0,1.0,0.0,0.0,0.0,0.0,0.0,0.0,0.0,0.0,0.0,0.0,0.0,0.0,0.0,0.0,0.0,0.0,GO0030234@GO0005886@GO0006812
0.0,0.0,0.5,0.0,0.5,0.0,0.0,0.0,1.0,0.0,0.0,0.0,0.3333,0.0,0.0,0.0,0.0,0.0,0.0,0.0,0.0,GO0001406@GO0005886@GO0001407
0.0,0.0,0.5,0.0,0.5,0.0,0.0,0.0,0.0,0.0,0.0,0.0,0.3333,0.0,0.0,0.0,0.0,0.0,0.0,0.0,0.0,GO0003674@GO0016021@GO0045045
0.0,0.0,0.0,0.0,0.0,0.0,0.0,0.0,0.0,0.0,0.0,0.0,0.6667,0.0,0.0,0.0,0.0,0.0,0.0,0.0,0.0,GO0017112@GO0030897@GO0000324@GO0005774@GO0042144@GO0000723
0.0,0.0,1.0,0.0,1.0,0.0,0.0,0.0,0.0,0.0,0.0,0.0,0.6667,0.0,0.0,0.0,0.0,0.0,0.0,0.0,0.0,GO0004004@GO0031202@GO0005515@GO0005681@GO0000346@GO0005634@GO0000781@GO0006348@GO0000398@GO0000370@GO0006406
0.0,0.0,1.0,0.0,1.0,0.0,0.0,0.0,0.0,0.0,0.0,0.0,0.0,0.0,0.0,0.0,0.0,0.0,0.0,0.0,0.0,GO0003954@GO0005739@GO0019655@GO0006116
0.0,0.0,0.5,0.0,0.0,0.0,0.0,0.0,0.0,0.0,0.0,0.0,0.3333,0.0,0.0,0.0,0.0,0.0,0.0,0.0,0.0,GO0003924@GO0005798@GO0005829@GO0006888@GO0006891
0.0,0.0,0.5,0.0,0.5,0.0,0.0,0.0,0.0,0.0,0.0,0.0,0.3333,0.0,0.0,0.0,0.0,0.0,0.0,0.0,0.0,GO0003724@GO0005515@GO0000932@GO0005737@GO0000184@GO0000290
0.0,0.0,0.5,0.0,0.5,0.0,0.0,0.0,0.0,0.0,0.0,0.0,0.6667,0.0,0.0,0.0,0.0,0.0,0.0,0.0,0.0,GO0004579@GO0030674@GO0008250@GO0005789@GO0006487
0.0,0.0,0.5,0.0,0.5,0.0,0.0,0.0,0.0,0.0,0.0,0.0,0.3333,0.0,0.0,0.0,0.0,0.0,0.0,0.0,0.0,GO0005097@GO0005737@GO0016192
0.0,0.0,0.0,0.0,0.0,0.0,0.0,0.0,0.0,0.0,0.0,0.0,0.0,0.0,0.0,0.0,0.0,0.0,0.0,0.0,0.0,GO0030528@GO0005634@GO0016480
0.0,0.0,0.5,0.0,0.5,0.0,0.0,0.0,0.0,0.0,0.0,0.0,0.3333,0.0,0.0,0.0,0.0,0.0,0.0,0.0,0.0,GO0003674@GO0005634@GO0005737@GO0008150
0.0,0.0,1.0,0.0,0.0,0.0,0.0,0.0,0.0,0.0,0.0,0.0,0.0,0.0,0.0,0.0,0.0,0.0,0.0,0.0,0.0,GO0015662@GO0005886@GO0006814
0.0,0.0,0.5,0.0,0.5,0.0,0.0,0.0,0.0,0.0,0.0,0.0,0.3333,0.0,0.0,0.0,0.0,0.0,0.0,0.0,0.0,GO0003674@GO0005886@GO0009277@GO0007047@GO0001101
0.0,0.0,1.0,0.0,0.0,0.0,0.0,0.0,0.0,0.0,0.0,0.0,0.0,0.0,0.0,0.0,0.0,0.0,0.0,0.0,0.0,GO0004842@GO0005634@GO0006511@GO0006325@GO0006950
0.0,0.0,0.5,0.0,0.5,0.0,0.0,0.0,0.0,0.0,0.0,0.0,0.3333,0.0,0.0,0.0,0.0,0.0,0.0,0.0,0.0,GO0003674@GO0005886@GO0043200
0.0,0.0,0.0,0.0,1.0,0.0,0.0,0.0,0.0,0.0,0.0,0.0,0.6667,0.0,0.0,0.0,0.0,0.0,0.0,0.0,0.0,GO0003697@GO0003701@GO0005634@GO0005730@GO0000790@GO0005737@GO0006276@GO0000723
0.0,0.0,0.0,0.0,0.0,0.0,0.0,0.0,0.0,0.0,0.0,0.0,0.0,0.0,0.0,0.0,0.0,0.0,0.0,0.0,0.0,GO0003674@GO0005634@GO0007121@GO0042254@GO0000723@GO0006950
0.0,0.0,0.0,0.0,0.0,0.0,0.0,0.0,0.0,0.0,0.0,0.0,0.0,0.0,0.0,0.0,0.0,0.0,0.0,0.0,0.0,GO0003674@GO0005680@GO0005634@GO0031145@GO0016567@GO0030476@GO0030071
0.0,0.0,0.0,0.0,0.0,0.0,0.0,0.0,0.0,0.0,0.0,0.0,0.0,0.0,0.0,0.0,0.0,0.0,0.0,0.0,0.0,GO0019706@GO0016020@GO0018318@GO0000750@GO0006897@GO0006612
0.0,0.0,0.0,0.0,0.0,0.0,0.0,0.0,0.0,0.0,0.0,0.0,0.0,0.0,0.0,0.0,0.0,0.0,0.0,0.0,0.0,GO0046933@GO0000274@GO0005739@GO0015986
0.0,0.0,0.5,0.0,0.0,0.0,0.0,0.0,0.0,0.0,0.0,0.0,0.3333,0.0,0.0,0.0,0.0,0.0,0.0,0.0,0.0,GO0016564@GO0000118@GO0005634@GO0006348@GO0030466@GO0000723@GO0007088
0.0,0.0,1.0,0.0,1.0,0.0,0.0,0.0,0.0,0.0,0.0,0.0,0.6667,0.0,0.0,0.0,0.0,0.0,0.0,0.0,0.0,GO0003735@GO0005842@GO0006412@GO0006414
0.0,0.0,0.0,0.0,0.0,0.0,0.0,0.0,0.0,0.0,0.0,0.0,0.0,0.0,0.0,0.0,0.0,0.0,0.0,0.0,0.0,GO0003674@GO0005737@GO0030437@GO0042493@GO0045944
0.0,0.0,0.0,0.0,0.0,0.0,0.0,0.0,0.0,0.0,0.0,0.0,0.0,0.0,0.0,0.0,0.0,0.0,0.0,0.0,0.0,GO0003674@GO0005737@GO0007030@GO0007094
0.0,0.0,1.0,0.0,1.0,0.0,0.0,0.0,0.0,0.0,0.0,0.0,0.0,0.0,0.0,0.0,0.0,0.0,0.0,0.0,0.0,GO0004252@GO0000328@GO0000324@GO0007039@GO0009267@GO0030435
0.0,0.0,1.0,0.0,0.0,0.0,0.0,0.0,0.0,0.0,0.0,0.0,0.6667,0.0,0.0,0.0,0.0,0.0,0.0,0.0,0.0,GO0004013@GO0005737@GO0006555@GO0016259
0.0,0.0,1.0,0.0,1.0,0.0,0.0,0.0,0.0,0.0,0.0,0.0,0.6667,0.0,0.0,0.0,0.0,0.0,0.0,0.0,0.0,GO0004175@GO0019774@GO0006511
0.0,0.0,0.0,0.0,0.0,0.0,0.0,0.0,0.0,0.0,0.0,0.0,0.0,0.0,0.0,0.0,0.0,0.0,0.0,0.0,0.0,GO0004843@GO0005737@GO0016579
0.0,0.0,0.0,0.0,0.0,0.0,0.0,0.0,0.0,0.0,0.0,0.0,0.0,0.0,0.0,0.0,0.0,0.0,0.0,0.0,0.0,GO0003674@GO0005737@GO0030435
0.0,0.0,0.5,0.0,0.5,0.0,0.0,0.0,0.0,0.0,0.0,0.0,0.3333,0.0,0.0,0.0,0.0,0.0,0.0,0.0,0.0,GO0000163@GO0005847@GO0000164@GO0005730@GO0005816@GO0005935@GO0001400@GO0007114@GO0005977@GO0030846@GO0030847@GO0016576@GO0006365@GO0007059@GO0000903@GO0006873@GO0007126@GO0007094@GO0030437@GO0009408@GO0006109
0.0,0.0,0.0,0.0,0.0,0.0,0.0,0.0,0.0,0.0,0.0,0.0,0.6667,0.0,0.0,0.0,0.0,0.0,0.0,0.0,0.0,GO0032977@GO0005739@GO0005743@GO0032979
0.0,0.0,0.0,0.0,1.0,0.0,0.0,0.0,0.0,0.0,0.0,0.0,0.6667,0.0,0.0,0.0,0.0,0.0,0.0,0.0,0.0,GO0004004@GO0031202@GO0005682@GO0046540@GO0000396
0.0,0.0,0.0,0.0,0.0,0.0,0.0,0.0,0.0,0.0,0.0,0.0,0.0,0.0,0.0,0.0,0.0,0.0,0.0,0.0,0.0,GO0016887@GO0003680@GO0000217@GO0003690@GO0000799@GO0005739@GO0000070@GO0007076
0.0,0.0,0.0,0.0,0.0,0.0,0.0,0.0,0.0,0.0,0.0,0.0,0.0,0.0,0.0,0.0,0.0,0.0,0.0,0.0,0.0,GO0003674@GO0005575@GO0008150
0.0,0.0,1.0,0.0,1.0,0.0,0.0,0.0,0.0,0.0,0.0,0.0,0.0,0.0,0.0,0.0,0.0,0.0,0.0,0.0,0.0,GO0008553@GO0005739@GO0005886@GO0045121@GO0015992@GO0006885
0.0,0.0,0.0,0.0,0.0,0.0,0.0,0.0,0.0,0.0,0.0,0.0,0.0,0.0,0.0,0.0,1.0,0.0,0.0,0.0,0.0,GO0003677@GO0016563@GO0005634@GO0042493@GO0006357
0.0,0.0,0.0,0.0,0.0,0.0,0.0,0.0,0.0,0.0,0.0,0.0,0.0,0.0,0.0,0.0,0.0,0.0,0.0,0.0,0.0,GO0004674@GO0005575@GO0006468@GO0007067
0.0,0.0,0.5,0.0,0.5,0.0,0.0,0.0,0.0,0.0,0.0,0.0,0.3333,0.0,0.0,0.0,0.0,0.0,0.0,0.0,0.0,GO0004573@GO0005789@GO0006487@GO0007047
0.0,0.0,0.5,0.0,0.0,0.0,0.0,0.0,0.0,0.0,0.0,0.0,0.3333,0.0,0.0,0.0,0.0,0.0,0.0,0.0,0.0,GO0004175@GO0016887@GO0008540@GO0005634@GO0006511
0.0,0.0,0.0,0.0,0.0,0.0,0.0,0.0,0.0,0.0,0.0,0.0,0.0,0.0,0.0,0.0,0.0,0.0,0.0,0.0,0.0,GO0003700@GO0005634@GO0005737@GO0006827@GO0045944
0.0,0.0,0.5,0.0,0.5,0.0,0.0,0.0,0.0,0.0,0.0,0.0,0.3333,0.0,0.0,0.0,0.0,0.0,0.0,0.0,0.0,GO0005198@GO0005643@GO0006999@GO0006607@GO0006608@GO0006609@GO0006610@GO0006611@GO0006406@GO0006407@GO0006408@GO0006409
0.0,0.0,0.5,0.0,0.5,0.0,0.0,0.0,0.0,0.0,0.0,0.0,0.3333,0.0,0.0,0.0,0.0,0.0,0.0,0.0,0.0,GO0003674@GO0008623@GO0006348@GO0046020
0.0,0.0,0.0,0.0,0.0,0.0,0.0,0.0,0.0,0.0,0.0,0.0,0.0,0.0,0.0,0.0,0.0,0.0,0.0,0.0,0.0,GO0003674@GO0005783@GO0006890
0.0,0.0,0.0,0.0,0.0,0.0,0.0,0.0,0.0,0.0,0.0,0.0,0.0,0.0,0.0,0.0,0.0,0.0,0.0,0.0,0.0,GO0004559@GO0005774@GO0009313
0.0,0.0,0.0,0.0,0.0,0.0,0.0,0.0,0.0,0.0,0.0,0.0,0.0,0.0,0.0,0.0,0.0,0.0,0.0,0.0,0.0,GO0003729@GO0005737@GO0000288@GO0001308@GO0007047@GO0000321@GO0001302@GO0006605
0.0,0.0,0.0,0.0,0.0,0.0,0.0,0.0,0.0,0.0,0.0,0.0,0.0,0.0,0.0,0.0,0.0,0.0,0.0,0.0,0.0,GO0000158@GO0000159@GO0005634@GO0005934@GO0005935@GO0006412@GO0006470@GO0007015@GO0007124@GO0007094@GO0001100@GO0007117
0.0,0.0,0.0,0.0,0.0,0.0,0.0,0.0,0.0,0.0,0.0,0.0,0.0,0.0,0.0,0.0,0.0,0.0,0.0,0.0,0.0,GO0003674@GO0005830@GO0005739@GO0005829@GO0006448
0.0,0.0,0.0,0.0,0.0,0.0,0.0,0.0,0.0,0.0,0.0,0.0,0.0,0.0,0.0,0.0,0.0,0.0,0.0,0.0,0.0,GO0003674@GO0005739@GO0005737@GO0008150
0.0,0.0,0.0,0.0,0.0,0.0,0.0,0.0,0.0,0.0,0.0,0.0,0.0,0.0,0.0,0.0,0.0,0.0,0.0,0.0,0.0,GO0004722@GO0005739@GO0005737@GO0000082
0.0,0.0,0.0,0.0,0.0,0.0,0.0,0.0,0.0,0.0,0.0,0.0,0.0,0.0,0.0,0.0,0.0,0.0,0.0,0.0,0.0,GO0030528@GO0046695@GO0005737@GO0001310@GO0031930
0.0,0.0,0.0,0.0,0.0,0.0,0.0,0.0,0.0,0.0,0.0,0.0,0.0,0.0,0.0,0.0,0.0,0.0,0.0,0.0,0.0,GO0004024@GO0005739@GO0006113@GO0006116
0.0,0.0,0.0,0.0,0.0,0.0,0.0,0.0,0.0,0.0,0.0,0.0,0.0,0.0,0.0,0.0,0.0,0.0,0.0,0.0,0.0,GO0003674@GO0005753@GO0015986@GO0009269
0.0,0.0,0.0,0.0,0.0,0.0,0.0,0.0,0.0,0.0,0.0,0.0,0.0,0.0,0.0,0.0,0.0,0.0,0.0,0.0,0.0,GO0008565@GO0005743@GO0016021@GO0008535
0.0,0.0,0.0,0.0,0.0,0.0,0.0,0.0,0.0,0.0,0.0,0.0,0.0,0.0,0.0,0.0,0.0,0.0,0.0,0.0,0.0,GO0003735@GO0005763@GO0005739@GO0006412
0.0,0.0,1.0,0.0,0.0,0.0,0.0,0.0,0.0,0.0,0.0,0.0,0.6667,0.0,0.0,0.0,0.0,0.0,0.0,0.0,0.0,GO0003735@GO0005842@GO0006412@GO0000027
0.0,0.0,0.0,0.0,0.0,0.0,0.0,0.0,0.0,0.0,0.0,0.0,0.0,0.0,0.0,0.0,0.0,0.0,0.0,0.0,0.0,GO0004096@GO0005737@GO0000302@GO0009409
0.0,0.0,0.0,0.0,0.0,0.0,0.0,0.0,0.0,0.0,0.0,0.0,0.0,0.0,0.0,0.0,0.0,0.0,0.0,0.0,0.0,GO0015926@GO0016021@GO0006078@GO0030148@GO0007047
0.0,0.0,0.0,0.0,0.0,0.0,0.0,0.0,0.0,0.0,0.0,0.0,0.0,0.0,0.0,0.0,0.0,0.0,0.0,0.0,0.0,GO0003674@GO0005740@GO0005739@GO0006461
0.0,0.0,1.0,0.0,0.0,0.0,0.0,0.0,0.0,0.0,0.0,0.0,0.6667,0.0,0.0,0.0,0.0,0.0,0.0,0.0,0.0,GO0005515@GO0005967@GO0005739@GO0006086
0.0,0.0,0.5,0.0,0.0,0.0,0.0,0.0,0.0,0.0,0.0,0.0,0.6667,0.0,0.0,0.0,0.0,0.0,0.0,0.0,0.0,GO0000175@GO0000176@GO0000177@GO0006402@GO0006365@GO0043330
0.0,0.0,0.0,0.0,0.0,0.0,0.0,0.0,0.0,0.0,0.0,0.0,0.0,0.0,0.0,0.0,0.0,0.0,0.0,0.0,0.0,GO0004488@GO0004477@GO0004329@GO0005634@GO0005737@GO0009113@GO0006760
0.0,0.0,0.5,0.0,0.5,0.0,0.0,0.0,0.0,0.0,0.0,0.0,0.3333,0.0,0.0,0.0,0.0,0.0,0.0,0.0,0.0,GO0008194@GO0000506@GO0016020@GO0006506
0.0,0.0,1.0,0.0,1.0,0.0,0.0,0.0,0.0,0.0,0.0,0.0,0.0,0.0,0.0,0.0,0.0,0.0,0.0,0.0,0.0,GO0000048@GO0003735@GO0005762@GO0005739@GO0006412@GO0000027
0.0,0.0,0.0,0.0,0.0,0.0,0.0,0.0,0.0,0.0,0.0,0.0,0.0,0.0,0.0,0.0,0.0,0.0,0.0,0.0,0.0,GO0003872@GO0005945@GO0005739@GO0005737@GO0006096
0.0,0.0,0.5,0.0,0.5,0.0,0.0,0.0,0.0,0.0,0.0,0.0,0.3333,0.0,0.0,0.0,0.0,0.0,0.0,0.0,0.0,GO0003674@GO0016514@GO0016586@GO0005634@GO0006338@GO0006368@GO0007059
0.0,0.0,0.5,0.0,0.0,0.0,0.0,0.0,0.0,0.0,0.0,0.0,0.3333,0.0,0.0,0.0,0.0,0.0,0.0,0.0,0.0,GO0008398@GO0005783@GO0006696
0.0,0.0,0.0,0.0,0.0,0.0,0.0,0.0,0.0,0.0,0.0,0.0,0.0,0.0,0.0,0.0,0.0,0.0,0.0,0.0,0.0,GO0008383@GO0005739@GO0005759@GO0001320@GO0001302
0.0,0.0,0.0,0.0,0.0,0.0,0.0,0.0,0.0,0.0,0.0,0.0,0.0,0.0,0.0,0.0,0.0,0.0,0.0,0.0,0.0,GO0008677@GO0005625@GO0005737@GO0015940
0.0,0.0,1.0,0.0,1.0,0.0,0.0,0.0,0.0,0.0,0.0,0.0,0.6667,0.0,0.0,0.0,0.0,0.0,0.0,0.0,0.0,GO0016423@GO0005634@GO0005737@GO0030488@GO0042254
0.0,0.0,0.0,0.0,0.0,0.0,0.0,0.0,0.0,0.0,0.0,0.0,0.0,0.0,0.0,0.0,0.0,0.0,0.0,0.0,0.0,GO0005498@GO0008142@GO0005545@GO0005737@GO0030469@GO0000742@GO0006897@GO0001403@GO0007124@GO0015918@GO0006887
0.0,0.0,1.0,0.0,0.0,0.0,0.0,0.0,0.0,0.0,0.0,0.0,0.0,0.0,0.0,0.0,0.0,0.0,0.0,0.0,0.0,GO0042576@GO0005840@GO0005737@GO0006508
0.0,0.0,0.0,0.0,0.0,0.0,0.0,0.0,0.0,0.0,0.0,0.0,0.0,0.0,0.0,0.0,0.0,0.0,0.0,0.0,0.0,GO0003674@GO0005739@GO0008150
0.0,0.0,0.5,0.0,0.0,0.0,0.0,0.0,0.0,0.0,0.0,0.0,0.3333,0.0,0.0,0.0,0.0,0.0,0.0,0.0,0.0,GO0004616@GO0005739@GO0005737@GO0009051@GO0006979
0.0,0.0,0.5,0.0,0.0,0.0,0.0,0.0,0.0,0.0,0.0,0.0,0.3333,0.0,0.0,0.0,0.0,0.0,0.0,0.0,0.0,GO0004674@GO0005634@GO0000329@GO0005737@GO0006468@GO0001324@GO0001302@GO0008361
0.0,0.0,0.0,0.0,0.0,0.0,0.0,0.0,0.0,0.0,0.0,0.0,0.0,0.0,0.0,0.0,0.0,0.0,0.0,0.0,0.0,GO0004175@GO0030674@GO0008540@GO0005634@GO0006511
0.0,0.0,0.0,0.0,0.0,0.0,0.0,0.0,0.0,0.0,0.0,0.0,0.6667,0.0,0.0,0.0,0.0,0.0,0.0,0.0,0.0,GO0003674@GO0005739@GO0005933@GO0043332@GO0000131@GO0007114@GO0000903
0.0,0.0,0.0,0.0,1.0,0.0,0.0,0.0,0.0,0.0,0.0,0.0,0.6667,0.0,0.0,0.0,0.0,0.0,0.0,0.0,0.0,GO0003713@GO0005737@GO0005975@GO0006281
0.0,0.0,0.0,0.0,0.0,0.0,0.0,0.0,0.0,0.0,0.0,0.0,0.0,0.0,0.0,0.0,0.0,0.0,0.0,0.0,0.0,GO0004038@GO0005622@GO0000256
0.0,0.0,0.5,0.0,0.5,0.0,0.0,0.0,0.0,0.0,0.0,0.0,0.3333,0.0,0.0,0.0,0.0,0.0,0.0,0.0,0.0,GO0003674@GO0030173@GO0005802@GO0016050@GO0006895@GO0043001
0.0,0.0,0.5,0.0,0.0,0.0,0.0,0.0,0.0,0.0,0.0,0.0,0.3333,0.0,0.0,0.0,0.0,0.0,0.0,0.0,0.0,GO0004693@GO0032806@GO0006468@GO0032786
0.0,0.0,0.5,0.0,0.5,0.0,0.0,0.0,0.0,0.0,0.0,0.0,0.3333,0.0,0.0,0.0,0.0,0.0,0.0,0.0,0.0,GO0051082@GO0005832@GO0005856@GO0005737@GO0006457@GO0007010
0.0,0.0,0.5,0.0,0.0,0.0,0.0,0.0,0.0,0.0,0.0,0.0,0.3333,0.0,0.0,0.0,0.0,0.0,0.0,0.0,0.0,GO0003735@GO0005762@GO0005739@GO0006412@GO0000002
0.0,0.0,1.0,0.0,0.0,0.0,0.0,0.0,0.0,0.0,0.0,0.0,0.0,0.0,0.0,0.0,0.0,0.0,0.0,0.0,0.0,GO0004042@GO0005759@GO0006526@GO0006592@GO0000723
0.0,0.0,1.0,0.0,1.0,0.0,0.0,0.0,0.0,0.0,0.0,0.0,0.6667,0.0,0.0,0.0,0.0,0.0,0.0,0.0,0.0,GO0000182@GO0030869@GO0005730@GO0000183@GO0007000@GO0007096
0.0,0.0,1.0,0.0,0.0,0.0,0.0,0.0,0.0,0.0,0.0,0.0,0.0,0.0,0.0,0.0,0.0,0.0,0.0,0.0,0.0,GO0004585@GO0005829@GO0006526@GO0006591
0.0,0.0,1.0,0.0,0.0,0.0,0.0,0.0,0.0,0.0,0.0,0.0,0.0,0.0,0.0,0.0,0.0,0.0,0.0,0.0,0.0,GO0003704@GO0005634@GO0001403@GO0045722@GO0006357
0.0,0.0,0.0,0.0,0.0,0.0,0.0,0.0,0.0,0.0,0.0,0.0,0.0,0.0,0.0,0.0,0.0,0.0,0.0,0.0,0.0,GO0003677@GO0005575@GO0006119
0.0,0.0,0.5,0.0,0.5,0.0,0.0,0.0,0.0,0.0,0.0,0.0,0.3333,0.0,0.0,0.0,0.0,0.0,0.0,0.0,0.0,GO0016810@GO0005575@GO0008150
0.0,0.0,0.0,0.0,0.0,0.0,0.0,0.0,0.0,0.0,0.0,0.0,0.6667,0.0,0.0,0.0,0.0,0.0,0.0,0.0,0.0,GO0004402@GO0043565@GO0005634@GO0006281@GO0006338@GO0006358
0.0,0.0,1.0,0.0,0.0,0.0,0.0,0.0,0.0,0.0,0.0,1.0,0.6667,0.0,0.0,0.0,0.0,0.0,0.0,0.0,0.0,GO0005199@GO0009277@GO0007047
0.0,0.0,0.0,0.0,0.0,0.0,0.0,0.0,0.0,0.0,0.0,0.0,0.0,0.0,0.0,0.0,0.0,0.0,0.0,0.0,0.0,GO0016407@GO0005575@GO0008150
0.0,0.0,0.0,0.0,1.0,0.0,0.0,0.0,0.0,0.0,0.0,0.0,0.3333,0.0,0.0,0.0,0.0,0.0,0.0,0.0,0.0,GO0003674@GO0005732@GO0032040@GO0005634@GO0005730@GO0006365@GO0030490@GO0042254
0.0,0.0,0.5,0.0,0.0,0.0,0.0,0.0,0.0,0.0,0.0,0.0,0.3333,0.0,0.0,0.0,0.0,0.0,0.0,0.0,0.0,GO0004365@GO0005739@GO0009277@GO0005737@GO0005811@GO0006096@GO0006094
0.0,0.0,0.0,0.0,0.0,0.0,0.0,0.0,0.0,0.0,0.0,0.0,0.0,0.0,0.0,0.0,0.0,0.0,0.0,0.0,0.0,GO0008094@GO0005634@GO0005737@GO0006283
0.0,0.0,0.0,0.0,1.0,0.0,0.0,0.0,0.0,0.0,0.0,0.0,0.0,0.0,0.0,0.0,0.0,0.0,0.0,0.0,0.0,GO0004535@GO0031251@GO0005737@GO0006301@GO0031124
0.0,0.0,0.0,0.0,0.0,0.0,0.0,0.0,0.0,0.0,0.0,0.0,0.0,0.0,0.0,0.0,0.0,0.0,0.0,0.0,0.0,GO0004332@GO0005739@GO0005737@GO0005829@GO0006096@GO0006094
0.0,0.0,0.0,0.0,0.0,0.0,0.0,0.0,0.0,0.0,0.0,0.0,0.6667,0.0,0.0,0.0,0.0,0.0,0.0,0.0,0.0,GO0015095@GO0016020@GO0015693
0.0,0.0,0.0,0.0,0.0,0.0,0.0,0.0,0.0,0.0,0.0,0.0,0.0,0.0,0.0,0.0,0.0,0.0,0.0,0.0,0.0,GO0003774@GO0005934@GO0005935@GO0043332@GO0000131@GO0006887
0.0,0.0,0.0,0.0,0.0,0.0,0.0,0.0,0.0,0.0,0.0,0.0,0.0,0.0,0.0,0.0,0.0,0.0,0.0,0.0,0.0,GO0004250@GO0000324@GO0007039
0.0,0.0,0.0,0.0,0.0,0.0,0.0,0.0,0.0,0.0,0.0,0.0,0.6667,0.0,0.0,0.0,0.0,0.0,0.0,0.0,0.0,GO0003674@GO0005739@GO0008150
0.0,0.0,1.0,0.0,0.0,0.0,0.0,0.0,0.0,0.0,0.0,0.0,0.6667,0.0,0.0,0.0,0.0,0.0,0.0,0.0,0.0,GO0003674@GO0005730@GO0042254@GO0006913
0.0,0.0,0.5,0.0,0.5,0.0,0.0,0.0,0.0,0.0,0.0,0.0,0.3333,0.0,0.0,0.0,0.0,0.0,0.0,0.0,0.0,GO0000907@GO0005575@GO0006790
0.0,0.0,0.0,0.0,0.0,0.0,0.0,0.0,0.0,0.0,0.0,0.0,0.0,0.0,0.0,0.0,0.0,0.0,0.0,0.0,0.0,GO0004643@GO0003937@GO0005829@GO0009060@GO0006189@GO0030437
0.0,0.0,0.5,0.0,0.5,0.0,0.0,0.0,0.0,0.0,0.0,0.0,0.3333,0.0,0.0,0.0,0.0,0.0,0.0,0.0,0.0,GO0009003@GO0005787@GO0006465@GO0045047
0.0,0.0,0.0,0.0,0.0,0.0,0.0,0.0,0.0,0.0,0.0,0.0,0.6667,0.0,0.0,0.0,0.0,0.0,0.0,0.0,0.0,GO0008483@GO0005739@GO0008150
0.0,0.0,0.0,0.0,0.0,0.0,0.0,0.0,0.0,0.0,0.0,0.0,0.0,0.0,0.0,0.0,0.0,0.0,0.0,0.0,0.0,GO0004842@GO0005515@GO0005680@GO0008054@GO0031145@GO0016567@GO0000022@GO0000070@GO0007091
0.0,0.0,1.0,0.0,0.0,0.0,0.0,0.0,0.0,0.0,0.0,0.0,0.0,0.0,0.0,0.0,0.0,0.0,0.0,0.0,0.0,GO0000293@GO0005886@GO0015677@GO0006826
0.0,0.0,0.5,0.0,0.0,0.0,0.0,0.0,0.0,0.0,0.0,0.0,0.3333,0.0,0.0,0.0,0.0,0.0,0.0,0.0,0.0,GO0003924@GO0004871@GO0005625@GO0005886@GO0005934@GO0005935@GO0043332@GO0000750@GO0007266@GO0030468@GO0001403@GO0007124@GO0007096@GO0007118@GO0007119@GO0006887@GO0031384
0.0,0.0,0.0,0.0,0.0,0.0,0.0,0.0,0.0,0.0,0.0,0.0,0.0,0.0,0.0,0.0,0.0,0.0,0.0,0.0,0.0,GO0004674@GO0005737@GO0006468@GO0007231@GO0040020
0.0,0.0,0.0,0.0,0.0,0.0,0.0,0.0,0.0,0.0,0.0,0.0,0.0,0.0,0.0,0.0,0.0,0.0,0.0,0.0,0.0,GO0005198@GO0031490@GO0005515@GO0000800@GO0007130@GO0051598@GO0043085
0.0,0.0,0.0,0.0,0.0,0.0,0.0,0.0,0.0,0.0,0.0,0.0,0.0,0.0,0.0,0.0,0.0,0.0,0.0,0.0,0.0,GO0008843@GO0005576@GO0005635@GO0005783@GO0009277@GO0006032@GO0007109
0.0,0.0,0.0,0.0,0.0,0.0,0.0,0.0,0.0,0.0,0.0,0.0,0.0,0.0,0.0,0.0,0.0,0.0,0.0,0.0,0.0,GO0003735@GO0005843@GO0006412
0.0,0.0,0.0,0.0,0.0,0.0,0.0,0.0,0.0,0.0,0.0,0.0,0.0,0.0,0.0,0.0,0.0,0.0,0.0,0.0,0.0,GO0003961@GO0004124@GO0005737@GO0019344@GO0006555@GO0042493
0.0,0.0,0.0,0.0,0.0,0.0,0.0,0.0,0.0,0.0,0.0,0.0,0.0,0.0,0.0,0.0,0.0,0.0,0.0,0.0,0.0,GO0004455@GO0005739@GO0042645@GO0009082@GO0000002
0.0,0.0,0.5,0.0,0.0,0.0,0.0,0.0,0.0,0.0,0.0,0.0,0.3333,0.0,0.0,0.0,0.0,0.0,0.0,0.0,0.0,GO0003723@GO0005732@GO0005688@GO0046540@GO0005730@GO0006402@GO0000398
0.0,0.0,0.5,0.0,0.5,0.0,0.0,0.0,0.0,0.0,0.0,0.0,0.3333,0.0,0.0,0.0,0.0,0.0,0.0,0.0,0.0,GO0003674@GO0016021@GO0007047
0.0,0.0,0.0,0.0,0.0,0.0,0.0,0.0,0.0,0.0,0.0,0.0,0.0,0.0,0.0,0.0,0.0,0.0,0.0,0.0,0.0,GO0004420@GO0005635@GO0005789@GO0005759@GO0006696
0.0,0.0,0.0,0.0,1.0,0.0,0.0,0.0,0.0,0.0,0.0,0.0,0.0,0.0,0.0,0.0,0.0,0.0,0.0,0.0,0.0,GO0004723@GO0005955@GO0005737@GO0006873@GO0000754
0.0,0.0,0.0,0.0,0.0,0.0,0.0,0.0,0.0,0.0,0.0,0.0,0.6667,0.0,0.0,0.0,0.0,0.0,0.0,0.0,0.0,GO0004857@GO0005634@GO0005737@GO0007005@GO0006974
0.0,0.0,0.0,0.0,0.0,0.0,0.0,0.0,0.0,0.0,0.0,0.0,0.6667,0.0,0.0,0.0,0.0,0.0,0.0,0.0,0.0,GO0003735@GO0003723@GO0005842@GO0006412@GO0000027
0.0,0.0,1.0,0.0,0.0,0.0,0.0,0.0,0.0,0.0,0.0,0.0,0.6667,0.0,0.0,0.0,0.0,0.0,0.0,0.0,0.0,GO0004588@GO0005634@GO0005737@GO0006207
0.0,0.0,0.5,0.0,0.0,0.0,0.0,0.0,0.0,0.0,0.0,0.0,0.3333,0.0,0.0,0.0,0.0,0.0,0.0,0.0,0.0,GO0003735@GO0005762@GO0005739@GO0006412
0.0,0.0,1.0,0.0,1.0,0.0,0.0,0.0,0.0,0.0,0.0,0.0,0.6667,0.0,0.0,0.0,0.0,0.0,0.0,0.0,0.0,GO0005198@GO0005643@GO0006388@GO0006999@GO0006607@GO0006608@GO0006609@GO0006610@GO0006611@GO0006406@GO0006407@GO0006408@GO0006409
0.0,0.0,0.0,0.0,0.0,0.0,0.0,0.0,0.0,0.0,0.0,0.0,0.6667,0.0,0.0,0.0,0.0,0.0,0.0,0.0,0.0,GO0016564@GO0016580@GO0005634@GO0016575
0.0,0.0,0.0,0.0,0.0,0.0,0.0,0.0,0.0,0.0,0.0,0.0,0.0,0.0,0.0,0.0,0.0,0.0,0.0,0.0,0.0,GO0003674@GO0005737@GO0009228@GO0008614
0.0,0.0,0.0,0.0,0.0,0.0,0.0,0.0,0.0,0.0,0.0,0.0,0.0,0.0,0.0,0.0,0.0,0.0,0.0,0.0,0.0,GO0003684@GO0003723@GO0005724@GO0000724@GO0006303@GO0006342@GO0000723@GO0007535
0.0,0.0,0.0,0.0,0.0,0.0,0.0,0.0,0.0,0.0,0.0,0.0,0.0,0.0,0.0,0.0,0.0,0.0,0.0,0.0,0.0,GO0005198@GO0005643@GO0000059@GO0006999@GO0006607@GO0006608@GO0006609@GO0006610@GO0006611@GO0006406@GO0006407@GO0006408@GO0006409
0.0,0.0,0.0,0.0,0.0,0.0,0.0,0.0,0.0,0.0,0.0,0.0,0.0,0.0,0.0,0.0,0.0,0.0,0.0,0.0,0.0,GO0003674@GO0005634@GO0000723@GO0006357
0.0,0.0,0.0,0.0,0.0,0.0,0.0,0.0,0.0,0.0,0.0,0.0,0.0,0.0,0.0,0.0,0.0,0.0,0.0,0.0,0.0,GO0008565@GO0005742@GO0005739@GO0005741@GO0030150
0.0,0.0,0.0,0.0,0.0,0.0,0.0,0.0,0.0,0.0,0.0,0.0,0.0,0.0,0.0,0.0,0.0,0.0,0.0,0.0,0.0,GO0003825@GO0004805@GO0030234@GO0005946@GO0005992@GO0006950
0.0,0.0,0.0,0.0,0.0,0.0,0.0,0.0,0.0,0.0,0.0,0.0,0.0,0.0,0.0,0.0,0.0,0.0,0.0,0.0,0.0,GO0004843@GO0005737@GO0016579
0.0,0.0,0.5,0.0,0.5,1.0,0.0,0.0,0.0,0.0,0.0,0.0,0.3333,0.0,0.0,0.0,0.0,0.0,0.0,0.0,0.0,GO0005515@GO0030295@GO0031931@GO0031932@GO0000139@GO0010008@GO0000300@GO0031234@GO0031930@GO0030950@GO0031505@GO0006810@GO0001558
0.0,0.0,0.0,0.0,1.0,0.0,0.0,0.0,0.0,0.0,0.0,0.0,0.6667,0.0,0.0,0.0,0.0,0.0,0.0,0.0,0.0,GO0043141@GO0031011@GO0005634@GO0006338@GO0006623
0.0,0.0,0.0,0.0,0.0,0.0,0.0,0.0,0.0,0.0,0.0,0.0,0.0,0.0,0.0,0.0,0.0,0.0,0.0,0.0,0.0,GO0004474@GO0005782@GO0005737@GO0006097
0.0,0.0,0.0,0.0,0.0,0.0,0.0,0.0,0.0,0.0,0.0,0.0,0.0,0.0,0.0,0.0,0.0,0.0,0.0,0.0,0.0,GO0004437@GO0005575@GO0046856@GO0048017@GO0030476
0.0,0.0,0.0,0.0,0.0,0.0,0.0,0.0,0.0,0.0,0.0,0.0,0.0,0.0,0.0,0.0,0.0,0.0,0.0,0.0,0.0,GO0015631@GO0016272@GO0005737@GO0007021
0.0,0.0,0.5,0.0,0.5,0.0,0.0,0.0,0.0,0.0,0.0,0.0,0.3333,0.0,0.0,0.0,0.0,0.0,0.0,0.0,0.0,GO0000030@GO0005783@GO0006488
0.0,0.0,0.5,0.0,0.5,0.0,0.0,0.0,0.0,0.0,0.0,0.0,0.3333,0.0,0.0,0.0,0.0,0.0,0.0,0.0,0.0,GO0030192@GO0001671@GO0005842@GO0005739@GO0005737@GO0005829@GO0006897@GO0042273@GO0008361
0.0,0.0,0.0,0.0,0.0,0.0,0.0,0.0,0.0,0.0,0.0,0.0,0.0,0.0,0.0,0.0,0.0,0.0,0.0,0.0,0.0,GO0008526@GO0005792@GO0005737@GO0005811@GO0016126@GO0042493@GO0015914
0.0,0.0,0.0,0.0,0.0,0.0,0.0,0.0,0.0,0.0,0.0,0.0,0.6667,0.0,0.0,0.0,0.0,0.0,0.0,0.0,0.0,GO0004345@GO0005737@GO0009051@GO0042542
0.0,0.0,0.0,0.0,0.0,0.0,0.0,0.0,0.0,0.0,0.0,0.0,0.0,0.0,0.0,0.0,0.0,0.0,0.0,0.0,0.0,GO0003735@GO0005762@GO0005739@GO0006412
0.0,0.0,0.5,0.0,0.5,0.0,0.0,0.0,0.0,0.0,0.0,0.0,0.3333,0.0,0.0,0.0,0.0,0.0,0.0,0.0,0.0,GO0003723@GO0005686@GO0000398
0.0,0.0,0.5,0.0,0.5,0.0,0.0,0.0,0.0,0.0,0.0,0.0,0.3333,0.0,0.0,0.0,0.0,0.0,0.0,0.0,0.0,GO0016439@GO0005634@GO0005739@GO0006400
0.0,0.0,0.0,0.0,0.0,0.0,0.0,0.0,0.0,0.0,0.0,0.0,0.0,0.0,0.0,0.0,0.0,0.0,0.0,0.0,0.0,GO0004674@GO0030478@GO0006468@GO0007266@GO0030468@GO0007096@GO0007118@GO0000910@GO0019236
0.0,0.0,0.5,1.0,0.5,0.0,0.0,0.0,0.0,0.0,0.0,0.0,0.3333,0.0,0.0,0.0,0.0,0.0,0.0,0.0,0.0,GO0004407@GO0003713@GO0003714@GO0000508@GO0000509@GO0016575@GO0006303@GO0006312@GO0000183@GO0006348@GO0030466@GO0001308@GO0000122@GO0045944
0.0,0.0,0.0,0.0,0.0,0.0,0.0,0.0,0.0,0.0,0.0,0.0,0.6667,0.0,0.0,0.0,0.0,0.0,0.0,0.0,0.0,GO0003899@GO0005666@GO0005634@GO0005739@GO0005737@GO0006383@GO0042254
0.0,0.0,0.5,0.0,0.5,0.0,0.0,0.0,0.0,0.0,0.0,0.0,0.3333,0.0,0.0,0.0,0.0,0.0,0.0,0.0,0.0,GO0019776@GO0005737@GO0006501@GO0006914@GO0006623
0.0,0.0,0.0,0.0,0.0,0.0,0.0,0.0,0.0,0.0,0.0,0.0,0.6667,0.0,0.0,0.0,0.0,0.0,0.0,0.0,0.0,GO0003917@GO0005634@GO0005730@GO0006265@GO0000183@GO0006271@GO0006368@GO0007076@GO0007097@GO0006357@GO0000019
0.0,0.0,1.0,0.0,1.0,0.0,0.0,0.0,0.0,0.0,0.0,0.0,0.6667,0.0,0.0,0.0,0.0,0.0,0.0,0.0,0.0,GO0015173@GO0005886@GO0000723@GO0015801
0.0,0.0,0.0,0.0,0.0,0.0,0.0,0.0,0.0,0.0,0.0,0.0,0.6667,0.0,0.0,0.0,0.0,0.0,0.0,0.0,0.0,GO0016563@GO0005634@GO0001403@GO0006972
0.0,0.0,0.5,0.0,0.5,0.0,0.0,0.0,0.0,0.0,0.0,0.0,0.3333,0.0,0.0,0.0,0.0,0.0,0.0,0.0,0.0,GO0008028@GO0000329@GO0006810
0.0,0.0,0.5,0.0,1.0,0.0,0.0,0.0,0.0,0.0,0.0,0.0,0.3333,0.0,0.0,0.0,0.0,0.0,0.0,0.0,0.0,GO0045142@GO0016944@GO0016593@GO0005634@GO0016571@GO0006368@GO0006366@GO0007059
0.0,0.0,0.0,0.0,0.0,0.0,0.0,0.0,0.0,0.0,0.0,0.0,0.0,0.0,0.0,0.0,0.0,0.0,0.0,0.0,0.0,GO0003674@GO0016021@GO0045045
0.0,0.0,0.0,0.0,0.0,0.0,0.0,0.0,0.0,0.0,0.0,0.0,0.0,0.0,0.0,0.0,0.0,0.0,0.0,0.0,0.0,GO0003674@GO0005740@GO0005739@GO0006396
0.0,0.0,0.0,0.0,0.0,0.0,0.0,0.0,0.0,0.0,0.0,0.0,0.0,0.0,0.0,0.0,0.0,0.0,0.0,0.0,0.0,GO0051087@GO0000151@GO0051382@GO0016567@GO0019933@GO0000074
0.0,0.0,0.0,0.0,1.0,0.0,0.0,0.0,0.0,0.0,0.0,0.0,0.0,0.0,0.0,0.0,0.0,0.0,0.0,0.0,0.0,GO0008017@GO0005819@GO0005880@GO0051233@GO0001578@GO0030472@GO0000022@GO0000092@GO0043148
0.0,0.0,0.5,0.0,0.5,0.0,0.0,0.0,0.0,0.0,0.0,0.0,0.3333,0.0,0.0,0.0,0.0,0.0,0.0,0.0,0.0,GO0004439@GO0004445@GO0030479@GO0005624@GO0046856@GO0048017@GO0006897@GO0007047
0.0,0.0,0.0,0.0,0.0,0.0,0.0,0.0,0.0,0.0,0.0,0.0,0.0,0.0,0.0,0.0,0.0,0.0,0.0,0.0,0.0,GO0004033@GO0005634@GO0005737@GO0019568@GO0042843@GO0009651
0.0,0.0,0.0,0.0,0.0,0.0,0.0,0.0,0.0,0.0,0.0,0.0,0.0,0.0,0.0,0.0,0.0,0.0,0.0,0.0,0.0,GO0003714@GO0005634@GO0040020@GO0006606
0.0,0.0,0.0,0.0,0.0,0.0,0.0,0.0,0.0,0.0,0.0,0.0,0.0,0.0,0.0,0.0,0.0,0.0,0.0,0.0,0.0,GO0004792@GO0005737@GO0008150
0.0,0.0,0.0,0.0,0.0,0.0,0.0,0.0,0.0,0.0,0.0,0.0,0.0,0.0,0.0,0.0,0.0,0.0,0.0,0.0,0.0,GO0017171@GO0005575@GO0008150
0.0,0.0,0.0,0.0,0.0,0.0,0.0,0.0,0.0,0.0,0.0,0.0,0.0,0.0,0.0,0.0,0.0,0.0,0.0,0.0,0.0,GO0003674@GO0030140@GO0006038@GO0000282@GO0006893
0.0,0.0,0.5,0.0,0.5,0.0,0.0,0.0,0.0,0.0,0.0,0.0,0.3333,0.0,0.0,0.0,0.0,0.0,0.0,0.0,0.0,GO0003723@GO0005686@GO0000398
0.0,0.0,0.0,0.0,1.0,0.0,0.0,0.0,0.0,0.0,0.0,0.0,0.0,0.0,0.0,0.0,0.0,0.0,0.0,0.0,0.0,GO0003899@GO0005736@GO0006360
0.0,0.0,0.5,0.0,0.0,0.0,0.0,0.0,0.0,0.0,0.0,0.0,0.3333,0.0,0.0,0.0,0.0,0.0,0.0,0.0,0.0,GO0003735@GO0005732@GO0005843@GO0005737@GO0006412@GO0006450
0.0,0.0,0.0,0.0,0.0,0.0,0.0,0.0,0.0,0.0,0.0,0.0,0.0,0.0,0.0,0.0,0.0,0.0,0.0,0.0,0.0,GO0008301@GO0016563@GO0005634@GO0007165@GO0007047@GO0001101@GO0045944
0.0,0.0,0.5,0.0,0.5,0.0,0.0,0.0,0.0,0.0,0.0,0.0,0.3333,0.0,0.0,0.0,0.0,0.0,0.0,0.0,0.0,GO0005507@GO0005740@GO0005761@GO0005739@GO0005743@GO0009060@GO0006461
0.0,0.0,0.0,0.0,0.0,0.0,0.0,0.0,0.0,0.0,0.0,0.0,0.0,0.0,0.0,0.0,0.0,0.0,0.0,0.0,0.0,GO0004712@GO0003688@GO0005634@GO0009202@GO0006270@GO0006281
0.0,0.0,0.0,0.0,0.0,0.0,0.0,0.0,0.0,0.0,0.0,0.0,0.6667,0.0,0.0,0.0,0.0,0.0,0.0,0.0,0.0,GO0004316@GO0004315@GO0008897@GO0005835@GO0005739@GO0006633@GO0018065
0.0,0.0,0.5,0.0,0.0,0.0,0.0,0.0,0.0,0.0,0.0,0.0,0.3333,0.0,0.0,0.0,0.0,0.0,0.0,0.0,0.0,GO0003713@GO0000124@GO0005671@GO0046695@GO0016573@GO0006366@GO0000723
0.0,0.0,0.0,0.0,0.0,0.0,0.0,0.0,0.0,0.0,0.0,0.0,0.0,0.0,0.0,0.0,0.0,0.0,0.0,0.0,0.0,GO0003674@GO0005737@GO0009651@GO0045944
0.0,0.0,0.5,0.0,0.0,0.0,0.0,0.0,0.0,0.0,0.0,0.0,0.3333,0.0,0.0,0.0,0.0,0.0,0.0,0.0,0.0,GO0005215@GO0005739@GO0005743@GO0006810
0.0,0.0,0.0,0.0,0.0,0.0,0.0,0.0,0.0,0.0,0.0,0.0,0.0,0.0,0.0,0.0,0.0,0.0,0.0,0.0,0.0,GO0004555@GO0000324@GO0009277@GO0030287@GO0005993@GO0006950
0.0,0.0,0.0,0.0,1.0,0.0,0.0,0.0,0.0,0.0,0.0,0.0,0.0,0.0,0.0,0.0,0.0,0.0,0.0,0.0,0.0,GO0008301@GO0016566@GO0000228@GO0000122
0.0,0.0,0.0,0.0,1.0,0.0,0.0,0.0,0.0,0.0,0.0,0.0,0.3333,0.0,0.0,0.0,0.0,0.0,0.0,0.0,0.0,GO0003688@GO0005664@GO0005656@GO0006267@GO0006270@GO0030466
